{
 "cells": [
  {
   "cell_type": "code",
   "execution_count": 1,
   "metadata": {},
   "outputs": [
    {
     "name": "stdout",
     "output_type": "stream",
     "text": [
      "Molecule\n",
      "Basis Set: 6-21G\n",
      "Total Number of Electrons: 2\n",
      "Atoms: \n",
      "     Atomic Number: 1, Electrons: 1, Coordinate: X: 1 Y: 1 Z: 1\n",
      "     Atomic Number: 1, Electrons: 1, Coordinate: X: 1 Y: 1 Z: 2.4\n"
     ]
    }
   ],
   "source": [
    "#Python Implementation of the Hartree Fock Method\n",
    "#Procedures listed in the code follow as described in Modern Quantum Chemistry: \n",
    "#Introduction to Advanced Electronic Structure Theory, By Attila Szabo and Neil S. Ostlund\n",
    "import math\n",
    "import sys\n",
    "import numpy as np\n",
    "from molecule import atom\n",
    "from molecule import vector\n",
    "from molecule import gaussian\n",
    "from molecule import molecule\n",
    "from notebookImporter import importNotebook\n",
    "\n",
    "#import integrals notebook for the hartree method\n",
    "integrals = importNotebook(\"Hartree_Integrals\")\n",
    "scf = importNotebook(\"Hartree_SCF\")\n",
    "\n",
    "#define SCF convergence critera, and max number of iteration cycles\n",
    "SCF_CONVERGENCE = pow(10, -100)\n",
    "MAX_ITERATIONS = 100\n",
    "\n",
    "#Step 1\n",
    "#Specify Molecules, Nuclear Coordinates, and Charge of the nucli Number of Electrons,\n",
    "\n",
    "#generate an h2 atom with a distance of 1.4 AU to compare with Szabo pg. 160\n",
    "R = 1.4\n",
    "system = molecule()\n",
    "system.addAtom(atom(vector(1,1,1), 1, 1))\n",
    "system.addAtom(atom(vector(1,1,1+R), 1,1))\n",
    "\n",
    "#add a basis set\n",
    "system.addBasis(\"6-21G\")\n",
    "\n",
    "system.display()"
   ]
  },
  {
   "cell_type": "code",
   "execution_count": 2,
   "metadata": {
    "scrolled": true
   },
   "outputs": [
    {
     "name": "stdout",
     "output_type": "stream",
     "text": [
      "Overlap Matrix: \n",
      "[[1.         0.64589812 0.40352864 0.48019147]\n",
      " [0.64589812 1.         0.48019147 0.83566476]\n",
      " [0.40352864 0.48019147 1.         0.64589812]\n",
      " [0.48019147 0.83566476 0.64589812 1.        ]]\n",
      "\n",
      "Electron Kinetic Energy Matrix: \n",
      "[[1.54940495 0.29315085 0.21101261 0.17473316]\n",
      " [0.29315085 0.27478737 0.17473316 0.2021468 ]\n",
      " [0.21101261 0.17473316 1.54940495 0.29315085]\n",
      " [0.17473316 0.2021468  0.29315085 0.27478737]]\n",
      "\n",
      "Nucli 0-Electron Attraction Matrix: \n",
      "[[-1.72091788 -0.78266155 -0.48198418 -0.56870018]\n",
      " [-0.78266155 -0.68300331 -0.3746172  -0.53836955]\n",
      " [-0.48198418 -0.3746172  -0.7078517  -0.44084143]\n",
      " [-0.56870018 -0.53836955 -0.44084143 -0.54946308]]\n",
      "Nucli 1-Electron Attraction Matrix: \n",
      "[[-0.7078517  -0.44084143 -0.48198418 -0.3746172 ]\n",
      " [-0.44084143 -0.54946308 -0.56870018 -0.53836955]\n",
      " [-0.48198418 -0.56870018 -1.72091788 -0.78266155]\n",
      " [-0.3746172  -0.53836955 -0.78266155 -0.68300331]]\n",
      "\n",
      "Electron Repulsion Tensor: \n",
      "[[[[1.14014487 0.61140189 0.38206058 0.44784188]\n",
      "   [0.61140189 0.62636977 0.34091364 0.49818429]\n",
      "   [0.38206058 0.34091364 0.67487206 0.413722  ]\n",
      "   [0.44784188 0.49818429 0.413722   0.52000824]]\n",
      "\n",
      "  [[0.61140189 0.34515152 0.21634302 0.25367352]\n",
      "   [0.34515152 0.38032857 0.20500254 0.30420737]\n",
      "   [0.21634302 0.20500254 0.413722   0.25314596]\n",
      "   [0.25367352 0.30420737 0.25314596 0.32215346]]\n",
      "\n",
      "  [[0.38206058 0.21634302 0.17120945 0.16981097]\n",
      "   [0.21634302 0.23858218 0.16981097 0.20918696]\n",
      "   [0.17120945 0.16981097 0.38206058 0.21634302]\n",
      "   [0.16981097 0.20918696 0.21634302 0.23858218]]\n",
      "\n",
      "  [[0.44784188 0.25367352 0.16981097 0.19017743]\n",
      "   [0.25367352 0.2811149  0.16420823 0.23169594]\n",
      "   [0.16981097 0.16420823 0.34091364 0.20500254]\n",
      "   [0.19017743 0.23169594 0.20500254 0.25160104]]]\n",
      "\n",
      "\n",
      " [[[0.61140189 0.34515152 0.21634302 0.25367352]\n",
      "   [0.34515152 0.38032857 0.20500254 0.30420737]\n",
      "   [0.21634302 0.20500254 0.413722   0.25314596]\n",
      "   [0.25367352 0.30420737 0.25314596 0.32215346]]\n",
      "\n",
      "  [[0.62636977 0.38032857 0.23858218 0.2811149 ]\n",
      "   [0.38032857 0.48295628 0.25160104 0.39183198]\n",
      "   [0.23858218 0.25160104 0.52000824 0.32215346]\n",
      "   [0.2811149  0.39183198 0.32215346 0.43088269]]\n",
      "\n",
      "  [[0.34091364 0.20500254 0.16981097 0.16420823]\n",
      "   [0.20500254 0.25160104 0.19017743 0.23169594]\n",
      "   [0.16981097 0.19017743 0.44784188 0.25367352]\n",
      "   [0.16420823 0.23169594 0.25367352 0.2811149 ]]\n",
      "\n",
      "  [[0.49818429 0.30420737 0.20918696 0.23169594]\n",
      "   [0.30420737 0.39183198 0.23169594 0.33726556]\n",
      "   [0.20918696 0.23169594 0.49818429 0.30420737]\n",
      "   [0.23169594 0.33726556 0.30420737 0.39183198]]]\n",
      "\n",
      "\n",
      " [[[0.38206058 0.21634302 0.17120945 0.16981097]\n",
      "   [0.21634302 0.23858218 0.16981097 0.20918696]\n",
      "   [0.17120945 0.16981097 0.38206058 0.21634302]\n",
      "   [0.16981097 0.20918696 0.21634302 0.23858218]]\n",
      "\n",
      "  [[0.34091364 0.20500254 0.16981097 0.16420823]\n",
      "   [0.20500254 0.25160104 0.19017743 0.23169594]\n",
      "   [0.16981097 0.19017743 0.44784188 0.25367352]\n",
      "   [0.16420823 0.23169594 0.25367352 0.2811149 ]]\n",
      "\n",
      "  [[0.67487206 0.413722   0.38206058 0.34091364]\n",
      "   [0.413722   0.52000824 0.44784188 0.49818429]\n",
      "   [0.38206058 0.44784188 1.14014487 0.61140189]\n",
      "   [0.34091364 0.49818429 0.61140189 0.62636977]]\n",
      "\n",
      "  [[0.413722   0.25314596 0.21634302 0.20500254]\n",
      "   [0.25314596 0.32215346 0.25367352 0.30420737]\n",
      "   [0.21634302 0.25367352 0.61140189 0.34515152]\n",
      "   [0.20500254 0.30420737 0.34515152 0.38032857]]]\n",
      "\n",
      "\n",
      " [[[0.44784188 0.25367352 0.16981097 0.19017743]\n",
      "   [0.25367352 0.2811149  0.16420823 0.23169594]\n",
      "   [0.16981097 0.16420823 0.34091364 0.20500254]\n",
      "   [0.19017743 0.23169594 0.20500254 0.25160104]]\n",
      "\n",
      "  [[0.49818429 0.30420737 0.20918696 0.23169594]\n",
      "   [0.30420737 0.39183198 0.23169594 0.33726556]\n",
      "   [0.20918696 0.23169594 0.49818429 0.30420737]\n",
      "   [0.23169594 0.33726556 0.30420737 0.39183198]]\n",
      "\n",
      "  [[0.413722   0.25314596 0.21634302 0.20500254]\n",
      "   [0.25314596 0.32215346 0.25367352 0.30420737]\n",
      "   [0.21634302 0.25367352 0.61140189 0.34515152]\n",
      "   [0.20500254 0.30420737 0.34515152 0.38032857]]\n",
      "\n",
      "  [[0.52000824 0.32215346 0.23858218 0.25160104]\n",
      "   [0.32215346 0.43088269 0.2811149  0.39183198]\n",
      "   [0.23858218 0.2811149  0.62636977 0.38032857]\n",
      "   [0.25160104 0.39183198 0.38032857 0.48295628]]]]\n",
      "\n",
      "Electronic Hamiltonian :\n",
      "[[-0.87936463 -0.93035213 -0.75295575 -0.76858423]\n",
      " [-0.93035213 -0.95767903 -0.76858423 -0.8745923 ]\n",
      " [-0.75295575 -0.76858423 -0.87936463 -0.93035213]\n",
      " [-0.76858423 -0.8745923  -0.93035213 -0.95767903]]\n",
      "\n"
     ]
    }
   ],
   "source": [
    "#Step 2\n",
    "#Calculate Integrals\n",
    "#Overlap, KE, Nuclear Attraaction, and Electron Repulsion\n",
    "S = integrals.overlap(system)\n",
    "print(\"Overlap Matrix: \")\n",
    "print(np.matrix(S))\n",
    "print()\n",
    "\n",
    "T = integrals.kineticEnergy(system)\n",
    "print(\"Electron Kinetic Energy Matrix: \")\n",
    "print(np.matrix(T))\n",
    "print()\n",
    "\n",
    "V = integrals.nuclearAttraction(system)\n",
    "for index, atom in enumerate(V):\n",
    "    print(\"Nucli \" + str(index) + \"-Electron Attraction Matrix: \")\n",
    "    print(np.matrix(atom))\n",
    "print()\n",
    "\n",
    "electronRepulsion = integrals.electronElectronRepulsion(system)\n",
    "print(\"Electron Repulsion Tensor: \")\n",
    "print(np.array(electronRepulsion))\n",
    "print()\n",
    "\n",
    "#Form the electronic hamiltonian\n",
    "H = np.matrix(T)\n",
    "\n",
    "#add in all of the nuclear attractions matricies to the hamiltonian\n",
    "for atom in V:\n",
    "    H += np.matrix(atom)\n",
    "        \n",
    "print(\"Electronic Hamiltonian :\")\n",
    "print(H)\n",
    "print()"
   ]
  },
  {
   "cell_type": "code",
   "execution_count": 3,
   "metadata": {},
   "outputs": [],
   "source": [
    "#Prepare for the SCF procedure\n",
    "\n",
    "#get size of the basis set \n",
    "size = len(S)\n",
    "\n",
    "#compute the Transformation Matrix\n",
    "X = scf.X(S, size)\n",
    "\n",
    "#get guess Fock matrix, assume 2-electron term is equal to 0\n",
    "F = H"
   ]
  },
  {
   "cell_type": "code",
   "execution_count": 4,
   "metadata": {
    "scrolled": true
   },
   "outputs": [
    {
     "name": "stdout",
     "output_type": "stream",
     "text": [
      "SCF Iteration #1, Electronic Energy: -1.787325702337411 Hartrees, Total Energy: -1.0730399880516965 Hartrees\n",
      "SCF Iteration #2, Electronic Energy: -1.8361123248275082 Hartrees, Total Energy: -1.121826610541794 Hartrees\n",
      "SCF Iteration #3, Electronic Energy: -1.837195887668721 Hartrees, Total Energy: -1.1229101733830067 Hartrees\n",
      "SCF Iteration #4, Electronic Energy: -1.8372185977435858 Hartrees, Total Energy: -1.1229328834578713 Hartrees\n",
      "SCF Iteration #5, Electronic Energy: -1.8372190698823805 Hartrees, Total Energy: -1.122933355596666 Hartrees\n",
      "SCF Iteration #6, Electronic Energy: -1.837219079686689 Hartrees, Total Energy: -1.1229333654009745 Hartrees\n",
      "SCF Iteration #7, Electronic Energy: -1.8372190798902481 Hartrees, Total Energy: -1.122933365604534 Hartrees\n",
      "SCF Iteration #8, Electronic Energy: -1.8372190798944745 Hartrees, Total Energy: -1.1229333656087603 Hartrees\n",
      "SCF Iteration #9, Electronic Energy: -1.837219079894562 Hartrees, Total Energy: -1.1229333656088478 Hartrees\n",
      "SCF Iteration #10, Electronic Energy: -1.8372190798945638 Hartrees, Total Energy: -1.1229333656088496 Hartrees\n",
      "SCF Iteration #11, Electronic Energy: -1.8372190798945638 Hartrees, Total Energy: -1.1229333656088496 Hartrees\n"
     ]
    }
   ],
   "source": [
    "# SCF Procedure \n",
    "\n",
    "#init list to store the energy from each iteration\n",
    "#as well as a boolean to signify whether the loop has converged\n",
    "E = []\n",
    "converged = False\n",
    "\n",
    "while( not converged ):\n",
    "  \n",
    "    #diagnolze the Fock matrix and convert it to MO basis \n",
    "    F = X.transpose() * F * X \n",
    "    \n",
    "    #diagnolize the Fock Matrix to obtain the MOs and the their respective energies\n",
    "    MOEnergy, MO = np.linalg.eigh(F)\n",
    "    \n",
    "    #Transform the MO basis MOs to an AO basis\n",
    "    C = X * MO\n",
    "    \n",
    "    #compute the electron density, the two electron term, and then use G to compute the new Fock matrix\n",
    "    P = scf.densityMatrix(C, system.N, size)\n",
    "    G = scf.G(electronRepulsion, P, size)\n",
    "    F = H + G\n",
    "    \n",
    "    #compute the new expectation energy \n",
    "    E.append(scf.expectationEnergy(H, F, P))\n",
    "    \n",
    "    #check if at least two SCF iterations have occured\n",
    "    #if more than two have occured, then check if the difference betweeen this E, \n",
    "    #and the previous E is less then the covergence value, if yes, end the SCF loop\n",
    "    #if energy has not converged, check whether the max number of iterations have occured so far\n",
    "    sizeE = len(E)\n",
    "    if(len(E) > 2):\n",
    "        if(abs(E[sizeE-2] - E[sizeE-1]) < SCF_CONVERGENCE):\n",
    "            converged = True\n",
    "        elif(sizeE > MAX_ITERATIONS):\n",
    "            print(\"SCF Failed to Converge\")\n",
    "            break\n",
    "    \n",
    "    #compute total energy of the system including nuclear-nuclear repulsion\n",
    "    totalE = E[sizeE-1] + scf.nuclearRepulsion(system)\n",
    "    \n",
    "    #display information about current SCF iteration to the user\n",
    "    print(\"SCF Iteration #\" + str(sizeE) + \", Electronic Energy: \" + str(E[sizeE-1]) + \" Hartrees, Total Energy: \" + str(totalE) + \" Hartrees\")"
   ]
  }
 ],
 "metadata": {
  "celltoolbar": "Raw Cell Format",
  "kernelspec": {
   "display_name": "Python 3",
   "language": "python",
   "name": "python3"
  },
  "language_info": {
   "codemirror_mode": {
    "name": "ipython",
    "version": 3
   },
   "file_extension": ".py",
   "mimetype": "text/x-python",
   "name": "python",
   "nbconvert_exporter": "python",
   "pygments_lexer": "ipython3",
   "version": "3.7.1"
  }
 },
 "nbformat": 4,
 "nbformat_minor": 2
}
