{
 "cells": [
  {
   "cell_type": "code",
   "execution_count": 1,
   "metadata": {
    "scrolled": false
   },
   "outputs": [
    {
     "name": "stdout",
     "output_type": "stream",
     "text": [
      "\n",
      "Hartree-Fock Computation: 27.0%\n",
      "Hartree-Fock Computation: 28.0%\n",
      "Hartree-Fock Computation: 28.0%\n",
      "Hartree-Fock Computation: 29.0%\n",
      "Hartree-Fock Computation: 29.0%\n",
      "Hartree-Fock Computation: 30.0%\n",
      "Hartree-Fock Computation: 31.0%\n",
      "Hartree-Fock Computation: 31.0%\n",
      "Hartree-Fock Computation: 32.0%\n",
      "Hartree-Fock Computation: 32.0%\n",
      "Hartree-Fock Computation: 33.0%\n",
      "Hartree-Fock Computation: 33.0%\n",
      "Hartree-Fock Computation: 34.0%\n",
      "Hartree-Fock Computation: 35.0%\n",
      "Hartree-Fock Computation: 35.0%\n",
      "Hartree-Fock Computation: 36.0%\n",
      "Hartree-Fock Computation: 36.0%\n",
      "Hartree-Fock Computation: 37.0%\n",
      "Hartree-Fock Computation: 37.0%\n",
      "Hartree-Fock Computation: 38.0%\n",
      "Hartree-Fock Computation: 38.0%\n",
      "Hartree-Fock Computation: 39.0%\n",
      "Hartree-Fock Computation: 40.0%\n",
      "Hartree-Fock Computation: 40.0%\n",
      "Hartree-Fock Computation: 41.0%\n",
      "Hartree-Fock Computation: 41.0%\n",
      "Hartree-Fock Computation: 42.0%\n",
      "Hartree-Fock Computation: 42.0%\n",
      "Hartree-Fock Computation: 43.0%\n",
      "Hartree-Fock Computation: 43.0%\n",
      "Hartree-Fock Computation: 44.0%\n",
      "Hartree-Fock Computation: 45.0%\n",
      "Hartree-Fock Computation: 45.0%\n",
      "Hartree-Fock Computation: 46.0%\n",
      "Hartree-Fock Computation: 46.0%\n",
      "Hartree-Fock Computation: 47.0%\n",
      "Hartree-Fock Computation: 47.0%\n",
      "Hartree-Fock Computation: 48.0%\n",
      "Hartree-Fock Computation: 48.0%\n",
      "Hartree-Fock Computation: 49.0%\n",
      "Hartree-Fock Computation: 50.0%\n",
      "Hartree-Fock Computation: 50.0%\n",
      "Hartree-Fock Computation: 51.0%\n",
      "Hartree-Fock Computation: 51.0%\n",
      "Hartree-Fock Computation: 52.0%\n",
      "Hartree-Fock Computation: 52.0%\n",
      "Hartree-Fock Computation: 53.0%\n",
      "Hartree-Fock Computation: 53.0%\n",
      "Hartree-Fock Computation: 54.0%\n",
      "Hartree-Fock Computation: 55.0%\n",
      "Hartree-Fock Computation: 55.0%\n",
      "Hartree-Fock Computation: 56.0%\n",
      "Hartree-Fock Computation: 56.0%\n",
      "Hartree-Fock Computation: 57.0%\n",
      "Hartree-Fock Computation: 57.0%\n",
      "Hartree-Fock Computation: 58.0%\n",
      "Hartree-Fock Computation: 58.0%\n",
      "Hartree-Fock Computation: 59.0%\n",
      "Hartree-Fock Computation: 60.0%\n",
      "Hartree-Fock Computation: 60.0%\n",
      "Hartree-Fock Computation: 61.0%\n",
      "Hartree-Fock Computation: 61.0%\n",
      "Hartree-Fock Computation: 62.0%\n",
      "Hartree-Fock Computation: 62.0%\n",
      "Hartree-Fock Computation: 63.0%\n",
      "Hartree-Fock Computation: 63.0%\n",
      "Hartree-Fock Computation: 64.0%\n",
      "Hartree-Fock Computation: 65.0%\n",
      "Hartree-Fock Computation: 65.0%\n",
      "Hartree-Fock Computation: 66.0%\n",
      "Hartree-Fock Computation: 66.0%\n",
      "Hartree-Fock Computation: 67.0%\n",
      "Hartree-Fock Computation: 67.0%\n",
      "Hartree-Fock Computation: 68.0%\n",
      "Hartree-Fock Computation: 68.0%\n",
      "Hartree-Fock Computation: 69.0%\n",
      "Hartree-Fock Computation: 70.0%\n",
      "Hartree-Fock Computation: 70.0%\n",
      "Hartree-Fock Computation: 71.0%\n",
      "Hartree-Fock Computation: 71.0%\n",
      "Hartree-Fock Computation: 72.0%\n",
      "Hartree-Fock Computation: 72.0%\n",
      "Hartree-Fock Computation: 73.0%\n",
      "Hartree-Fock Computation: 73.0%\n",
      "Hartree-Fock Computation: 74.0%\n",
      "Hartree-Fock Computation: 75.0%\n",
      "Hartree-Fock Computation: 75.0%\n",
      "Hartree-Fock Computation: 76.0%\n",
      "Hartree-Fock Computation: 76.0%\n",
      "Hartree-Fock Computation: 77.0%\n",
      "Hartree-Fock Computation: 77.0%\n",
      "Hartree-Fock Computation: 78.0%\n",
      "Hartree-Fock Computation: 78.0%\n",
      "Hartree-Fock Computation: 79.0%\n",
      "Hartree-Fock Computation: 80.0%\n",
      "Hartree-Fock Computation: 80.0%\n",
      "Hartree-Fock Computation: 81.0%\n",
      "Hartree-Fock Computation: 81.0%\n",
      "Hartree-Fock Computation: 82.0%\n",
      "Hartree-Fock Computation: 82.0%\n",
      "Hartree-Fock Computation: 83.0%\n",
      "Hartree-Fock Computation: 83.0%\n",
      "Hartree-Fock Computation: 84.0%\n",
      "Hartree-Fock Computation: 85.0%\n",
      "Hartree-Fock Computation: 85.0%\n",
      "Hartree-Fock Computation: 86.0%\n",
      "Hartree-Fock Computation: 86.0%\n",
      "Hartree-Fock Computation: 87.0%\n",
      "Hartree-Fock Computation: 87.0%\n",
      "Hartree-Fock Computation: 88.0%\n",
      "Hartree-Fock Computation: 88.0%\n",
      "Hartree-Fock Computation: 89.0%\n",
      "Hartree-Fock Computation: 90.0%\n",
      "Hartree-Fock Computation: 90.0%\n",
      "Hartree-Fock Computation: 91.0%\n",
      "Hartree-Fock Computation: 91.0%\n",
      "Hartree-Fock Computation: 92.0%\n",
      "Hartree-Fock Computation: 92.0%\n",
      "Hartree-Fock Computation: 93.0%\n",
      "Hartree-Fock Computation: 93.0%\n",
      "Hartree-Fock Computation: 94.0%\n",
      "Hartree-Fock Computation: 95.0%\n",
      "Hartree-Fock Computation: 95.0%\n",
      "Hartree-Fock Computation: 96.0%\n",
      "Hartree-Fock Computation: 96.0%\n",
      "Hartree-Fock Computation: 97.0%\n",
      "Hartree-Fock Computation: 97.0%\n",
      "Hartree-Fock Computation: 98.0%\n",
      "Hartree-Fock Computation: 98.0%\n",
      "Hartree-Fock Computation: 99.0%\n",
      "Hartree-Fock Computation Complete\n"
     ]
    }
   ],
   "source": [
    "from molecule import atom\n",
    "from molecule import vector\n",
    "from molecule import gaussian\n",
    "from molecule import molecule\n",
    "from morsePotential import morsePotential\n",
    "from notebookImporter import importNotebook\n",
    "from IPython.display import clear_output\n",
    "\n",
    "HartreeFock = importNotebook(\"Hartree_Class\")\n",
    "\n",
    "#set up the automated calculations used to generate the surface potential\n",
    "\n",
    "#User Specified Variables\n",
    "\n",
    "#Enter the atomic number for atoms 1 and 2\n",
    "atom1 = 1\n",
    "atom2 = 1\n",
    "\n",
    "#Enter the number of electrons for atom 1 and 2\n",
    "#Note the total number of electrons must be a multiple of 2, \n",
    "#otherwise, the computation will round the total number of electrons \n",
    "#down to the nearest multiple of 2\n",
    "atomN1 = 1\n",
    "atomN2 = 1\n",
    "\n",
    "#Select a basis, for a list of available basis sets, please see the \"basisSets\" folder\n",
    "basisName = \"DEF2-SVP\"\n",
    "\n",
    "#Enter Starting and End Bond distance for the diatomic molecule\n",
    "startR = .5\n",
    "endR = 1.8\n",
    "\n",
    "#Please enter the distance the bond distance should increase each iteration\n",
    "#The smaller the number, the more accurate and time-consuming the computation will be\n",
    "step = 0.01\n",
    "\n",
    "#Please enter how small the difference in energy between two ground state energy calculations\n",
    "#must be in order to convergence to occur\n",
    "convergenceCritera = pow(10, -10)\n",
    "\n",
    "#Please enter the maximum number of iterations the SCF procedure can take before\n",
    "#the computation will fail as being unable to converge\n",
    "maxIterations = 100\n",
    "\n",
    "#System Defined Variables\n",
    "E = []\n",
    "R = []\n",
    "basisSets = []\n",
    "Xs = []\n",
    "MOEnergy = []\n",
    "delta = (endR - startR) / step\n",
    "currentR = startR\n",
    "\n",
    "print()\n",
    "\n",
    "while(not(currentR >= endR)):\n",
    "    \n",
    "    #define the molecular system\n",
    "    system = molecule()\n",
    "    system.addAtom(atom(vector(1,1,2+currentR), atom1, atomN1))\n",
    "    system.addAtom(atom(vector(1,1,2), atom2, atomN2))\n",
    "\n",
    "    system.addBasis(basisName)\n",
    "    \n",
    "    #Set up the Hartree Procedure\n",
    "    HF = HartreeFock.HF(system, convergenceCritera, maxIterations)\n",
    "\n",
    "    #Store Bond distance, associated Energy, and MO Energies\n",
    "    R.append(currentR)\n",
    "    E.append(HF.SCF())\n",
    "    MOEnergy.append(HF.MOEnergy)\n",
    "    basisSets.append( system.getBasis() )\n",
    "    Xs.append( HF.X )\n",
    " \n",
    "    #clear_output()\n",
    "    print(\"Hartree-Fock Computation: \" + str(currentR * 100 // endR) + \"%\")\n",
    "    \n",
    "    #update the current intenuclear distance\n",
    "    currentR += step\n",
    "    \n",
    "print(\"Hartree-Fock Computation Complete\")"
   ]
  },
  {
   "cell_type": "code",
   "execution_count": 2,
   "metadata": {
    "scrolled": true
   },
   "outputs": [
    {
     "data": {
      "text/html": [
       "        <script type=\"text/javascript\">\n",
       "        window.PlotlyConfig = {MathJaxConfig: 'local'};\n",
       "        if (window.MathJax) {MathJax.Hub.Config({SVG: {font: \"STIX-Web\"}});}\n",
       "        if (typeof require !== 'undefined') {\n",
       "        require.undef(\"plotly\");\n",
       "        requirejs.config({\n",
       "            paths: {\n",
       "                'plotly': ['https://cdn.plot.ly/plotly-latest.min']\n",
       "            }\n",
       "        });\n",
       "        require(['plotly'], function(Plotly) {\n",
       "            window._Plotly = Plotly;\n",
       "        });\n",
       "        }\n",
       "        </script>\n",
       "        "
      ]
     },
     "metadata": {},
     "output_type": "display_data"
    },
    {
     "name": "stdout",
     "output_type": "stream",
     "text": [
      "[1.14341966 1.34098047 0.66854028]\n",
      "[[ 5.19260535e-06 -6.71523278e-08  2.58813210e-06]\n",
      " [-6.71523278e-08  6.35624311e-05 -5.89600076e-05]\n",
      " [ 2.58813210e-06 -5.89600076e-05  6.08696412e-05]]\n"
     ]
    }
   ],
   "source": [
    "#Setup system for graphing purposes\n",
    "import math\n",
    "import scipy.integrate as integrate\n",
    "import scipy.optimize as optimize\n",
    "import numpy as np\n",
    "from plotly.offline import iplot, init_notebook_mode\n",
    "init_notebook_mode(connected=True)\n",
    "\n",
    "#prepare morse potential for graphing\n",
    "#morse = morsePotential(R, E)\n",
    "\n",
    "#create a curve fitted morsePotential of the data\n",
    "#uses the least squares method to fit the potential via SciPy\n",
    "def morsePotential(r, D, r0, a):\n",
    "\n",
    "    return D * np.exp(-2*a*(r-r0)) - 2*D*np.exp(-a*(r-r0))\n",
    "    #return a1 * (r - r0) + a2 * pow((r - r0), 2) + a3 * pow(r-r0, 3) + a4\n",
    "    #return (a1 * np.exp(-2 * a2 * ( r - r0)) - (2 * a1 * np.exp(-a2 * ( r - r0))))\n",
    "    #return (a1 * np.exp(-a2 * r) * (1 - (a3*r))) - (a4 / (pow(r,6) + (a5*pow(r,-6)))) \n",
    "\n",
    "popt, pcov = optimize.curve_fit(morsePotential, R, E)\n",
    "\n",
    "print(popt)\n",
    "print(pcov)\n",
    "\n",
    "#Prepare data for graphing\n",
    "minEIndex = E.index(min(E))\n",
    "minE = E.pop(minEIndex)\n",
    "optimalR = R.copy().pop(minEIndex)\n",
    "#basisSet = basisSets[ minEIndex ]\n",
    "#X = Xs[minEIndex]"
   ]
  },
  {
   "cell_type": "code",
   "execution_count": 3,
   "metadata": {},
   "outputs": [
    {
     "name": "stdout",
     "output_type": "stream",
     "text": [
      "Optimal Bond Distance: 1.4100000000000008\n"
     ]
    },
    {
     "name": "stderr",
     "output_type": "stream",
     "text": [
      "A:\\Apps\\Anaconda\\lib\\site-packages\\ipykernel_launcher.py:76: IntegrationWarning:\n",
      "\n",
      "The integral is probably divergent, or slowly convergent.\n",
      "\n"
     ]
    },
    {
     "name": "stdout",
     "output_type": "stream",
     "text": [
      "\n",
      "SSSSSSSSSSSSSSSSSSSS\n",
      "[[1.00000000e+02+0.00000000e+00j 4.99600361e-16-2.85743651e-14j]\n",
      " [4.99600361e-16+2.85743651e-14j 1.00000000e+02+0.00000000e+00j]]\n",
      "\n",
      "\n",
      "[[5.85035929e+29-5.75989868e+11j 2.21073069e+28-2.23306076e+28j]\n",
      " [2.21073069e+28+2.23306076e+28j 5.58801806e+29+2.99051074e+12j]]\n",
      "------\n",
      "[[-1.00000000e+02+0.00000000e+00j -4.99600361e-16+2.85743651e-14j]\n",
      " [-4.99600361e-16-2.85743651e-14j -1.00000000e+02+0.00000000e+00j]]\n",
      "********************\n",
      "[[5.85035929e+29-5.75989868e+11j 2.21073069e+28-2.23306076e+28j]\n",
      " [2.21073069e+28+2.23306076e+28j 5.58801806e+29+2.99051074e+12j]]\n",
      "&&&&&\n",
      "[[5.85035929e+29-5.75989868e+11j 2.21073069e+28-2.23306076e+28j]\n",
      " [2.21073069e+28+2.23306076e+28j 5.58801806e+29+2.99051074e+12j]]\n",
      "|*)|*)|*)|*)|*)|*)|*)|*)|*)|*)|*)|*)|*)|*)|*)|*)|*)|*)|*)|*)\n",
      "5.378682234643406e+29\n",
      "6.0596951120965175e+29\n"
     ]
    }
   ],
   "source": [
    "#morseData = morse.computePotential()\n",
    "#w = (morse.a / (2 * math.pi)) * pow((2 *  morse.D / u), 0.5)\n",
    "#print(w)\n",
    "\n",
    "#k = 4 * math.pi * math.sqrt(2 * morse.D) / morse.a\n",
    "#print(\"K: \" + str(k))\n",
    "\n",
    "ve = []\n",
    "#for n in range(18):\n",
    "#    #ve.append( w * ((n + .5) - pow((n+.5),2)) )\n",
    "#    ve.append( -morse.D + (w * (n + .5)) - ( (pow(w,2) /  (4*morse.D)) * pow((n + .5), 2) )  )\n",
    "#print(ve)\n",
    "\n",
    "\n",
    "#print optimized bond distance\n",
    "print(\"Optimal Bond Distance: \" + str(R[minEIndex]))\n",
    "\n",
    "\n",
    "size = 2\n",
    "basisSet = []\n",
    "u = 0.5\n",
    "r0 = popt[1]\n",
    "def newPlaneWave(k):\n",
    "    \n",
    "    def planeWave(x):\n",
    "       # print(\"||\"*20)\n",
    "       # print(x)\n",
    "        return math.cos(k* math.pi * (x-r0)) + math.sin(k * math.pi * (x))*1j \n",
    "    \n",
    "    return planeWave\n",
    "\n",
    "    \n",
    "class basisFunction:\n",
    "    \n",
    "    k = 0\n",
    "    f = 0\n",
    "    normalization = 0\n",
    "    \n",
    "    def __init__(self, f, k, allSpace=1):\n",
    "        \n",
    "        self.k = k\n",
    "        self.f = f \n",
    "        self.normalization = math.sqrt(1 / allSpace)\n",
    "    \n",
    "    def compute(self, x):\n",
    "        #print(self.normalization)\n",
    "        return self.normalization * self.f(x)\n",
    "    \n",
    "    def compute2ndPD(self, x):\n",
    "        return -self.f(x) * self.normalization\n",
    "    \n",
    "\n",
    "for n in range(size):\n",
    "    basisSet.append( basisFunction(newPlaneWave((2*n + 1) ), (2*n + 1), 1) )\n",
    "    \n",
    "V = np.zeros([size, size], dtype = complex)\n",
    "T = np.zeros([size, size], dtype = complex)\n",
    "S = np.zeros([size, size], dtype = complex)\n",
    "\n",
    "for index1, b1 in enumerate(basisSet):\n",
    "    for index2, b2 in enumerate(basisSet):\n",
    "        \n",
    "        #base = lambda x : b1.compute(x).conjugate() * b2.compute(x)\n",
    "        #real = lambda x : base(x).real\n",
    "        #imag = lambda x : base(x).imag \n",
    "        \n",
    "        \n",
    "        SIntegrandR = lambda x : (b1.compute(x).conjugate() * b2.compute(x)).real\n",
    "        SIntegrandI = lambda x :(b1.compute(x).conjugate() * b2.compute(x)).imag\n",
    "        \n",
    "        S[index1, index2] += integrate.quad(SIntegrandR, -50, 50, limit=1000)[0] + integrate.quad(SIntegrandI, -50, 50, limit=1000)[0]*1j\n",
    "        \n",
    "        VIntegrandR = lambda x : (b1.compute(x).conjugate() * morsePotential(x, popt[0], popt[1], popt[2]) * b2.compute(x)).real\n",
    "        VIntegrandI = lambda x : (b1.compute(x).conjugate() * morsePotential(x, popt[0], popt[1], popt[2]) * b2.compute(x)).imag\n",
    "        \n",
    "        V[index1, index2] = integrate.quad(VIntegrandR, -50, 50, limit = 1000)[0] + integrate.quad(VIntegrandI, -50, 50, limit = 1000)[0]*1j\n",
    "        \n",
    "for index1, b1 in enumerate(basisSet):\n",
    "    for index2, b2 in enumerate(basisSet):\n",
    "        \n",
    "        TIntegrandR = lambda x : (b1.compute(x).conjugate() * (1/(2 * u)) * b2.compute2ndPD(x)).real\n",
    "        TIntegrandI = lambda x : (b1.compute(x).conjugate() * (1/(2 * u)) * b2.compute2ndPD(x)).imag\n",
    "        \n",
    "        T[index1, index2] = integrate.quad(TIntegrandR, -50, 50, limit=1000)[0] + integrate.quad(TIntegrandI, -50, 50, limit=1000)[0] * 1j\n",
    "\n",
    "print()\n",
    "print(\"S\"*20)\n",
    "print(S)\n",
    "print()\n",
    "print()\n",
    "print(V)\n",
    "print(\"------\")\n",
    "print(T)\n",
    "\n",
    "H = T + V\n",
    "\n",
    "print(\"*\"*20)\n",
    "print(H)\n",
    "\n",
    "\n",
    "print(\"&\"*5)\n",
    "print(H)\n",
    "EPW = np.linalg.eigh(H)[0]\n",
    "\n",
    "print(\"|*)\"*20)\n",
    "\n",
    "for e in EPW:\n",
    "    print(e)\n",
    "    "
   ]
  },
  {
   "cell_type": "code",
   "execution_count": 4,
   "metadata": {},
   "outputs": [
    {
     "name": "stdout",
     "output_type": "stream",
     "text": [
      "[[1. 0. 0. 0. 0. 0. 0. 0. 0. 0.]\n",
      " [0. 1. 0. 0. 0. 0. 0. 0. 0. 0.]\n",
      " [0. 0. 1. 0. 0. 0. 0. 0. 0. 0.]\n",
      " [0. 0. 0. 1. 0. 0. 0. 0. 0. 0.]\n",
      " [0. 0. 0. 0. 1. 0. 0. 0. 0. 0.]\n",
      " [0. 0. 0. 0. 0. 1. 0. 0. 0. 0.]\n",
      " [0. 0. 0. 0. 0. 0. 1. 0. 0. 0.]\n",
      " [0. 0. 0. 0. 0. 0. 0. 1. 0. 0.]\n",
      " [0. 0. 0. 0. 0. 0. 0. 0. 1. 0.]\n",
      " [0. 0. 0. 0. 0. 0. 0. 0. 0. 1.]]\n",
      "VVVVVVVVVVVVVVVVVVVVVVVVVVVVVVVVVVVVVVVV\n",
      "[[-0.71442579  0.34904838  0.12764341  0.04967849  0.0261647   0.01447978\n",
      "   0.00936089  0.00606215  0.00436915  0.00309192]\n",
      " [ 0.34904838 -0.58678238  0.39872687  0.15380811  0.06415827  0.03552559\n",
      "   0.02054192  0.01373004  0.00915407  0.00675224]\n",
      " [ 0.12764341  0.39872687 -0.56061768  0.41320665  0.163169    0.07022041\n",
      "   0.03989474  0.02363384  0.01611313  0.0109395 ]\n",
      " [ 0.04967849  0.15380811  0.41320665 -0.55125679  0.4192688   0.16753815\n",
      "   0.07331233  0.04227783  0.02541928  0.01755339]\n",
      " [ 0.0261647   0.06415827  0.163169    0.4192688  -0.54688764  0.42236072\n",
      "   0.16992124  0.07509777  0.04371809  0.02654214]\n",
      " [ 0.01447978  0.03552559  0.07022041  0.16753815  0.42236072 -0.54450455\n",
      "   0.42414615  0.17136149  0.07622063  0.04465421]\n",
      " [ 0.00936089  0.02054192  0.03989474  0.07331233  0.16992124  0.42414615\n",
      "  -0.54306429  0.42526902  0.17229761  0.07697221]\n",
      " [ 0.00606215  0.01373004  0.02363384  0.04227783  0.07509777  0.17136149\n",
      "   0.42526902 -0.54212817  0.42602059  0.17294003]\n",
      " [ 0.00436915  0.00915407  0.01611313  0.02541928  0.04371809  0.07622063\n",
      "   0.17229761  0.42602059 -0.54148576  0.42654812]\n",
      " [ 0.00309192  0.00675224  0.0109395   0.01755339  0.02654214  0.04465421\n",
      "   0.07697221  0.17294003  0.42654812 -0.54102594]]\n",
      "TTTTTTTTTTTTTTTTTTTTTTTTTTTTTTTTTTTTTTTTTTTTTTTTTT\n",
      "[[1. 0. 0. 0. 0. 0. 0. 0. 0. 0.]\n",
      " [0. 1. 0. 0. 0. 0. 0. 0. 0. 0.]\n",
      " [0. 0. 1. 0. 0. 0. 0. 0. 0. 0.]\n",
      " [0. 0. 0. 1. 0. 0. 0. 0. 0. 0.]\n",
      " [0. 0. 0. 0. 1. 0. 0. 0. 0. 0.]\n",
      " [0. 0. 0. 0. 0. 1. 0. 0. 0. 0.]\n",
      " [0. 0. 0. 0. 0. 0. 1. 0. 0. 0.]\n",
      " [0. 0. 0. 0. 0. 0. 0. 1. 0. 0.]\n",
      " [0. 0. 0. 0. 0. 0. 0. 0. 1. 0.]\n",
      " [0. 0. 0. 0. 0. 0. 0. 0. 0. 1.]]\n",
      "HHHHHHHHHHHHHHHHHHHHHHHHHHHHHHHHHHHHHHHHHHHHHHHHHHHHHHHHHHHHHHHHHHHHHH\n",
      "[[0.28557421 0.34904838 0.12764341 0.04967849 0.0261647  0.01447978\n",
      "  0.00936089 0.00606215 0.00436915 0.00309192]\n",
      " [0.34904838 0.41321762 0.39872687 0.15380811 0.06415827 0.03552559\n",
      "  0.02054192 0.01373004 0.00915407 0.00675224]\n",
      " [0.12764341 0.39872687 0.43938232 0.41320665 0.163169   0.07022041\n",
      "  0.03989474 0.02363384 0.01611313 0.0109395 ]\n",
      " [0.04967849 0.15380811 0.41320665 0.44874321 0.4192688  0.16753815\n",
      "  0.07331233 0.04227783 0.02541928 0.01755339]\n",
      " [0.0261647  0.06415827 0.163169   0.4192688  0.45311236 0.42236072\n",
      "  0.16992124 0.07509777 0.04371809 0.02654214]\n",
      " [0.01447978 0.03552559 0.07022041 0.16753815 0.42236072 0.45549545\n",
      "  0.42414615 0.17136149 0.07622063 0.04465421]\n",
      " [0.00936089 0.02054192 0.03989474 0.07331233 0.16992124 0.42414615\n",
      "  0.45693571 0.42526902 0.17229761 0.07697221]\n",
      " [0.00606215 0.01373004 0.02363384 0.04227783 0.07509777 0.17136149\n",
      "  0.42526902 0.45787183 0.42602059 0.17294003]\n",
      " [0.00436915 0.00915407 0.01611313 0.02541928 0.04371809 0.07622063\n",
      "  0.17229761 0.42602059 0.45851424 0.42654812]\n",
      " [0.00309192 0.00675224 0.0109395  0.01755339 0.02654214 0.04465421\n",
      "  0.07697221 0.17294003 0.42654812 0.45897406]]\n"
     ]
    }
   ],
   "source": [
    "size = 10\n",
    "L = 1.41\n",
    "\n",
    "m = 0.5\n",
    "basis = []\n",
    "\n",
    "def zeroError(x, tolerance=\"\"):\n",
    "    \n",
    "    if(tolerance == \"\"):\n",
    "        tolerance = pow(10, -14)\n",
    "    \n",
    "    if(abs(x) < tolerance):\n",
    "        return 0\n",
    "    else:\n",
    "        return x\n",
    "             \n",
    "class basisFunction:\n",
    "    \n",
    "    n = 1\n",
    "    L = 1\n",
    "    normalization = 1\n",
    "    \n",
    "    def __init__(self, n, L):\n",
    "        \n",
    "        self.n = n\n",
    "        self.L = L\n",
    "        self.normalization = math.sqrt(2/L)\n",
    "\n",
    "    def compute(self, x):\n",
    "        return self.normalization * math.sin(self.n*math.pi*x / self.L)\n",
    "    \n",
    "    def compute2ndPD(self, x):\n",
    "        return self.compute(x)\n",
    "\n",
    "for n in range(size):\n",
    "    basis.append( basisFunction(n+1, L) )\n",
    "    \n",
    "S = np.zeros([size, size])\n",
    "V = np.zeros([size, size])\n",
    "T = np.zeros([size, size])\n",
    "\n",
    "for index1, b1 in enumerate(basis):\n",
    "    for index2, b2 in enumerate(basis):\n",
    "        \n",
    "        SIntegrand = lambda x : b1.compute(x) * b2.compute(x)\n",
    "\n",
    "        S[index1, index2] += zeroError(integrate.quad(SIntegrand, 0, L)[0])\n",
    "\n",
    "        VIntegrand = lambda x : b1.compute(x) * morsePotential(x, popt[0], popt[1], popt[2]) * b2.compute(x)\n",
    "        V[index1, index2] += zeroError(integrate.quad(VIntegrand, 0, L)[0])\n",
    "        \n",
    "        TIntegrand = lambda x : b1.compute(x) * (1/(2*m)) * b2.compute2ndPD(x)\n",
    "        T[index1, index2] += zeroError(integrate.quad(TIntegrand, 0, L)[0]) \n",
    "        \n",
    "print(S)\n",
    "print(\"V\"*40)\n",
    "print(V)\n",
    "print(\"T\"*50)\n",
    "print(T)\n",
    "\n",
    "H = V + T\n",
    "print(\"H\"*70)\n",
    "print(H)\n",
    "\n",
    "PIB = np.linalg.eigh(H)[0]"
   ]
  },
  {
   "cell_type": "code",
   "execution_count": 5,
   "metadata": {},
   "outputs": [
    {
     "name": "stderr",
     "output_type": "stream",
     "text": [
      "A:\\Apps\\Anaconda\\lib\\site-packages\\ipykernel_launcher.py:48: IntegrationWarning:\n",
      "\n",
      "The occurrence of roundoff error is detected, which prevents \n",
      "  the requested tolerance from being achieved.  The error may be \n",
      "  underestimated.\n",
      "\n",
      "A:\\Apps\\Anaconda\\lib\\site-packages\\ipykernel_launcher.py:56: IntegrationWarning:\n",
      "\n",
      "The occurrence of roundoff error is detected, which prevents \n",
      "  the requested tolerance from being achieved.  The error may be \n",
      "  underestimated.\n",
      "\n"
     ]
    },
    {
     "name": "stdout",
     "output_type": "stream",
     "text": [
      "Overlap Error: i=0, j=0\n",
      "1.0\n",
      "Overlap Error: i=2, j=2\n",
      "1.0000000000000002\n",
      "Overlap Error: i=3, j=3\n",
      "1.0000000000000002\n",
      "Overlap Error: i=4, j=4\n",
      "1.0000000000000007\n",
      "Overlap Error: i=5, j=5\n",
      "1.0000000000000009\n",
      "Overlap Error: i=6, j=6\n",
      "1.0000000000000007\n",
      "Overlap Error: i=7, j=7\n",
      "1.000000000000001\n",
      "Overlap Error: i=8, j=8\n",
      "1.0000000000000007\n",
      "Overlap Error: i=9, j=9\n",
      "1.0000000000000007\n",
      "\n",
      "Overlap Matrix: \n",
      "\n",
      "[[ 1.00000000e+00  3.46944695e-18  5.20417043e-17  3.46944695e-18\n",
      "   6.93889390e-18 -2.42861287e-17  2.08166817e-17 -1.38777878e-17\n",
      "  -1.38777878e-17 -1.38777878e-17]\n",
      " [ 3.46944695e-18  1.00000000e+00  3.46944695e-17  9.71445147e-17\n",
      "  -6.93889390e-18 -1.73472348e-17  6.93889390e-18 -3.46944695e-17\n",
      "   7.97972799e-17 -1.04083409e-17]\n",
      " [ 5.20417043e-17  3.46944695e-17  1.00000000e+00 -3.46944695e-17\n",
      "   1.28369537e-16 -6.93889390e-17 -1.90819582e-17 -4.16333634e-17\n",
      "   6.93889390e-17 -6.50521303e-17]\n",
      " [ 3.46944695e-18  9.71445147e-17 -3.46944695e-17  1.00000000e+00\n",
      "  -3.12250226e-17  1.83880688e-16 -9.71445147e-17  4.16333634e-17\n",
      "  -1.04083409e-16  9.71445147e-17]\n",
      " [ 6.93889390e-18 -6.93889390e-18  1.28369537e-16 -3.12250226e-17\n",
      "   1.00000000e+00  6.93889390e-18  1.94289029e-16  4.16333634e-17\n",
      "  -9.71445147e-17 -3.81639165e-17]\n",
      " [-2.42861287e-17 -1.73472348e-17 -6.93889390e-17  1.83880688e-16\n",
      "   6.93889390e-18  1.00000000e+00 -1.04083409e-16  9.71445147e-17\n",
      "  -1.80411242e-16  2.08166817e-17]\n",
      " [ 2.08166817e-17  6.93889390e-18 -1.90819582e-17 -9.71445147e-17\n",
      "   1.94289029e-16 -1.04083409e-16  1.00000000e+00  1.38777878e-17\n",
      "   3.26128013e-16 -1.94289029e-16]\n",
      " [-1.38777878e-17 -3.46944695e-17 -4.16333634e-17  4.16333634e-17\n",
      "   4.16333634e-17  9.71445147e-17  1.38777878e-17  1.00000000e+00\n",
      "  -1.24898137e-16  3.15719673e-16]\n",
      " [-1.38777878e-17  7.97972799e-17  6.93889390e-17 -1.04083409e-16\n",
      "  -9.71445147e-17 -1.80411242e-16  3.26128013e-16 -1.24898137e-16\n",
      "   1.00000000e+00 -4.16333634e-17]\n",
      " [-1.38777878e-17 -1.04083409e-17 -6.50521303e-17  9.71445147e-17\n",
      "  -3.81639165e-17  2.08166817e-17 -1.94289029e-16  3.15719673e-16\n",
      "  -4.16333634e-17  1.00000000e+00]]\n",
      "\n",
      "****************************************\n",
      "\n",
      "V\n",
      "\n",
      "[[ 1.15950687e+00 -4.50811328e+00  6.72297993e+00 -7.06027782e+00\n",
      "   6.06423279e+00 -4.54147850e+00  3.06747710e+00 -1.90694014e+00\n",
      "   1.10569644e+00 -6.03576225e-01]\n",
      " [-4.50811328e+00  1.06672363e+01 -1.86041948e+01  2.37730084e+01\n",
      "  -2.42756103e+01  2.10737905e+01 -1.61695944e+01  1.12431634e+01\n",
      "  -7.20436989e+00  4.30481743e+00]\n",
      " [ 6.72297993e+00 -1.86041948e+01  3.50292417e+01 -5.21239192e+01\n",
      "   6.26526392e+01 -6.31783588e+01  5.53658746e+01 -4.33108706e+01\n",
      "   3.08363781e+01 -2.02664532e+01]\n",
      " [-7.06027782e+00  2.37730084e+01 -5.21239192e+01  8.79636978e+01\n",
      "  -1.21929475e+02  1.41976702e+02 -1.42303721e+02  1.25748360e+02\n",
      "  -9.99465387e+01  7.25809357e+01]\n",
      " [ 6.06423279e+00 -2.42756103e+01  6.26526392e+01 -1.21929475e+02\n",
      "   1.92439699e+02 -2.55892986e+02  2.92286429e+02 -2.92087564e+02\n",
      "   2.60001354e+02 -2.09439861e+02]\n",
      " [-4.54147850e+00  2.10737905e+01 -6.31783588e+01  1.41976702e+02\n",
      "  -2.55892986e+02  3.85635617e+02 -4.98639071e+02  5.62243802e+02\n",
      "  -5.61062950e+02  5.02658340e+02]\n",
      " [ 3.06747710e+00 -1.61695944e+01  5.53658746e+01 -1.42303721e+02\n",
      "   2.92286429e+02 -4.98639071e+02  7.26108549e+02 -9.19813198e+02\n",
      "   1.02750377e+03 -1.02473606e+03]\n",
      " [-1.90694014e+00  1.12431634e+01 -4.33108706e+01  1.25748360e+02\n",
      "  -2.92087564e+02  5.62243802e+02 -9.19813198e+02  1.30401967e+03\n",
      "  -1.62581979e+03  1.80327765e+03]\n",
      " [ 1.10569644e+00 -7.20436989e+00  3.08363781e+01 -9.99465387e+01\n",
      "   2.60001354e+02 -5.61062950e+02  1.02750377e+03 -1.62581979e+03\n",
      "   2.25554268e+03 -2.77629153e+03]\n",
      " [-6.03576225e-01  4.30481743e+00 -2.02664532e+01  7.25809357e+01\n",
      "  -2.09439861e+02  5.02658340e+02 -1.02473606e+03  1.80327765e+03\n",
      "  -2.77629153e+03  3.78294889e+03]]\n",
      "\n",
      "****************************************\n",
      "\n",
      "T\n",
      "\n",
      "[[ 0.16713507  0.         -0.23636468  0.          0.          0.\n",
      "   0.          0.          0.          0.        ]\n",
      " [ 0.          0.50140521  0.         -0.40939564  0.          0.\n",
      "   0.          0.          0.          0.        ]\n",
      " [-0.23636468  0.          0.83567535  0.         -0.57897287  0.\n",
      "   0.          0.          0.          0.        ]\n",
      " [ 0.         -0.40939564  0.          1.16994549  0.         -0.74745076\n",
      "   0.          0.          0.          0.        ]\n",
      " [ 0.          0.         -0.57897287  0.          1.50421563  0.\n",
      "  -0.91543648  0.          0.          0.        ]\n",
      " [ 0.          0.          0.         -0.74745076  0.          1.83848577\n",
      "   0.         -1.08315905  0.          0.        ]\n",
      " [ 0.          0.          0.          0.         -0.91543648  0.\n",
      "   2.17275591  0.         -1.25072434  0.        ]\n",
      " [ 0.          0.          0.          0.          0.         -1.08315905\n",
      "   0.          2.50702605  0.         -1.4181881 ]\n",
      " [ 0.          0.          0.          0.          0.          0.\n",
      "  -1.25072434  0.          2.84129619  0.        ]\n",
      " [ 0.          0.          0.          0.          0.          0.\n",
      "   0.         -1.4181881   0.          3.17556633]]\n",
      "\n",
      "****************************************\n",
      "\n",
      "[[ 1.32664194e+00 -4.50811328e+00  6.48661525e+00 -7.06027782e+00\n",
      "   6.06423279e+00 -4.54147850e+00  3.06747710e+00 -1.90694014e+00\n",
      "   1.10569644e+00 -6.03576225e-01]\n",
      " [-4.50811328e+00  1.11686415e+01 -1.86041948e+01  2.33636128e+01\n",
      "  -2.42756103e+01  2.10737905e+01 -1.61695944e+01  1.12431634e+01\n",
      "  -7.20436989e+00  4.30481743e+00]\n",
      " [ 6.48661525e+00 -1.86041948e+01  3.58649170e+01 -5.21239192e+01\n",
      "   6.20736663e+01 -6.31783588e+01  5.53658746e+01 -4.33108706e+01\n",
      "   3.08363781e+01 -2.02664532e+01]\n",
      " [-7.06027782e+00  2.33636128e+01 -5.21239192e+01  8.91336433e+01\n",
      "  -1.21929475e+02  1.41229251e+02 -1.42303721e+02  1.25748360e+02\n",
      "  -9.99465387e+01  7.25809357e+01]\n",
      " [ 6.06423279e+00 -2.42756103e+01  6.20736663e+01 -1.21929475e+02\n",
      "   1.93943915e+02 -2.55892986e+02  2.91370992e+02 -2.92087564e+02\n",
      "   2.60001354e+02 -2.09439861e+02]\n",
      " [-4.54147850e+00  2.10737905e+01 -6.31783588e+01  1.41229251e+02\n",
      "  -2.55892986e+02  3.87474103e+02 -4.98639071e+02  5.61160643e+02\n",
      "  -5.61062950e+02  5.02658340e+02]\n",
      " [ 3.06747710e+00 -1.61695944e+01  5.53658746e+01 -1.42303721e+02\n",
      "   2.91370992e+02 -4.98639071e+02  7.28281304e+02 -9.19813198e+02\n",
      "   1.02625304e+03 -1.02473606e+03]\n",
      " [-1.90694014e+00  1.12431634e+01 -4.33108706e+01  1.25748360e+02\n",
      "  -2.92087564e+02  5.61160643e+02 -9.19813198e+02  1.30652669e+03\n",
      "  -1.62581979e+03  1.80185946e+03]\n",
      " [ 1.10569644e+00 -7.20436989e+00  3.08363781e+01 -9.99465387e+01\n",
      "   2.60001354e+02 -5.61062950e+02  1.02625304e+03 -1.62581979e+03\n",
      "   2.25838398e+03 -2.77629153e+03]\n",
      " [-6.03576225e-01  4.30481743e+00 -2.02664532e+01  7.25809357e+01\n",
      "  -2.09439861e+02  5.02658340e+02 -1.02473606e+03  1.80185946e+03\n",
      "  -2.77629153e+03  3.78612445e+03]]\n",
      "\n",
      "[-5.38325053e-01  9.17536301e-02  6.08718980e-01  1.53426414e+00\n",
      "  2.52637086e+00  6.47669402e+00  3.27301553e+01  1.77241867e+02\n",
      "  1.02446718e+03  7.55308961e+03]\n",
      "10\n",
      "600\n"
     ]
    },
    {
     "data": {
      "application/vnd.plotly.v1+json": {
       "config": {
        "linkText": "Export to plot.ly",
        "plotlyServerURL": "https://plot.ly",
        "showLink": false
       },
       "data": [
        {
         "connectgaps": false,
         "marker": {
          "color": "blue"
         },
         "mode": "markers",
         "name": "Hartree-Fock Computed",
         "type": "scatter",
         "x": [
          -6,
          -5.99,
          -5.98,
          -5.97,
          -5.96,
          -5.95,
          -5.94,
          -5.93,
          -5.92,
          -5.91,
          -5.9,
          -5.89,
          -5.88,
          -5.87,
          -5.86,
          -5.8500000000000005,
          -5.84,
          -5.83,
          -5.82,
          -5.8100000000000005,
          -5.8,
          -5.79,
          -5.78,
          -5.7700000000000005,
          -5.76,
          -5.75,
          -5.74,
          -5.73,
          -5.72,
          -5.71,
          -5.7,
          -5.69,
          -5.68,
          -5.67,
          -5.66,
          -5.65,
          -5.64,
          -5.63,
          -5.62,
          -5.61,
          -5.6000000000000005,
          -5.59,
          -5.58,
          -5.57,
          -5.5600000000000005,
          -5.55,
          -5.54,
          -5.53,
          -5.5200000000000005,
          -5.51,
          -5.5,
          -5.49,
          -5.48,
          -5.47,
          -5.46,
          -5.45,
          -5.44,
          -5.43,
          -5.42,
          -5.41,
          -5.4,
          -5.39,
          -5.38,
          -5.37,
          -5.36,
          -5.3500000000000005,
          -5.34,
          -5.33,
          -5.32,
          -5.3100000000000005,
          -5.3,
          -5.29,
          -5.28,
          -5.2700000000000005,
          -5.26,
          -5.25,
          -5.24,
          -5.23,
          -5.22,
          -5.21,
          -5.2,
          -5.19,
          -5.18,
          -5.17,
          -5.16,
          -5.15,
          -5.14,
          -5.13,
          -5.12,
          -5.11,
          -5.1000000000000005,
          -5.09,
          -5.08,
          -5.07,
          -5.0600000000000005,
          -5.05,
          -5.04,
          -5.03,
          -5.0200000000000005,
          -5.01,
          -5,
          -4.99,
          -4.98,
          -4.97,
          -4.96,
          -4.95,
          -4.94,
          -4.93,
          -4.92,
          -4.91,
          -4.9,
          -4.89,
          -4.88,
          -4.87,
          -4.86,
          -4.8500000000000005,
          -4.84,
          -4.83,
          -4.82,
          -4.8100000000000005,
          -4.8,
          -4.79,
          -4.78,
          -4.7700000000000005,
          -4.76,
          -4.75,
          -4.74,
          -4.73,
          -4.72,
          -4.71,
          -4.7,
          -4.69,
          -4.68,
          -4.67,
          -4.66,
          -4.65,
          -4.64,
          -4.63,
          -4.62,
          -4.61,
          -4.6000000000000005,
          -4.59,
          -4.58,
          -4.57,
          -4.5600000000000005,
          -4.55,
          -4.54,
          -4.53,
          -4.5200000000000005,
          -4.51,
          -4.5,
          -4.49,
          -4.48,
          -4.47,
          -4.46,
          -4.45,
          -4.44,
          -4.43,
          -4.42,
          -4.41,
          -4.4,
          -4.39,
          -4.38,
          -4.37,
          -4.36,
          -4.3500000000000005,
          -4.34,
          -4.33,
          -4.32,
          -4.3100000000000005,
          -4.3,
          -4.29,
          -4.28,
          -4.2700000000000005,
          -4.26,
          -4.25,
          -4.24,
          -4.23,
          -4.22,
          -4.21,
          -4.2,
          -4.19,
          -4.18,
          -4.17,
          -4.16,
          -4.15,
          -4.14,
          -4.13,
          -4.12,
          -4.11,
          -4.1,
          -4.09,
          -4.08,
          -4.07,
          -4.0600000000000005,
          -4.05,
          -4.04,
          -4.03,
          -4.0200000000000005,
          -4.01,
          -4,
          -3.99,
          -3.98,
          -3.97,
          -3.96,
          -3.95,
          -3.94,
          -3.93,
          -3.92,
          -3.91,
          -3.9,
          -3.89,
          -3.88,
          -3.87,
          -3.86,
          -3.85,
          -3.84,
          -3.83,
          -3.8200000000000003,
          -3.81,
          -3.8000000000000003,
          -3.79,
          -3.7800000000000002,
          -3.77,
          -3.7600000000000002,
          -3.75,
          -3.74,
          -3.73,
          -3.72,
          -3.71,
          -3.7,
          -3.69,
          -3.68,
          -3.67,
          -3.66,
          -3.65,
          -3.64,
          -3.63,
          -3.62,
          -3.61,
          -3.6,
          -3.59,
          -3.58,
          -3.5700000000000003,
          -3.56,
          -3.5500000000000003,
          -3.54,
          -3.5300000000000002,
          -3.52,
          -3.5100000000000002,
          -3.5,
          -3.49,
          -3.48,
          -3.47,
          -3.46,
          -3.45,
          -3.44,
          -3.43,
          -3.42,
          -3.41,
          -3.4,
          -3.39,
          -3.38,
          -3.37,
          -3.36,
          -3.35,
          -3.34,
          -3.33,
          -3.3200000000000003,
          -3.31,
          -3.3000000000000003,
          -3.29,
          -3.2800000000000002,
          -3.27,
          -3.2600000000000002,
          -3.25,
          -3.24,
          -3.23,
          -3.22,
          -3.21,
          -3.2,
          -3.19,
          -3.18,
          -3.17,
          -3.16,
          -3.15,
          -3.14,
          -3.13,
          -3.12,
          -3.11,
          -3.1,
          -3.09,
          -3.08,
          -3.0700000000000003,
          -3.06,
          -3.0500000000000003,
          -3.04,
          -3.0300000000000002,
          -3.02,
          -3.0100000000000002,
          -3,
          -2.99,
          -2.98,
          -2.97,
          -2.96,
          -2.95,
          -2.94,
          -2.93,
          -2.92,
          -2.91,
          -2.9,
          -2.89,
          -2.88,
          -2.87,
          -2.86,
          -2.85,
          -2.84,
          -2.83,
          -2.82,
          -2.81,
          -2.8000000000000003,
          -2.79,
          -2.7800000000000002,
          -2.77,
          -2.7600000000000002,
          -2.75,
          -2.74,
          -2.73,
          -2.72,
          -2.71,
          -2.7,
          -2.69,
          -2.68,
          -2.67,
          -2.66,
          -2.65,
          -2.64,
          -2.63,
          -2.62,
          -2.61,
          -2.6,
          -2.59,
          -2.58,
          -2.57,
          -2.56,
          -2.5500000000000003,
          -2.54,
          -2.5300000000000002,
          -2.52,
          -2.5100000000000002,
          -2.5,
          -2.49,
          -2.48,
          -2.47,
          -2.46,
          -2.45,
          -2.44,
          -2.43,
          -2.42,
          -2.41,
          -2.4,
          -2.39,
          -2.38,
          -2.37,
          -2.36,
