{
 "cells": [
  {
   "cell_type": "markdown",
   "metadata": {},
   "source": [
    "## Main Hartree Code\n",
    "<br>\n",
    "Hartree-Fock Computational Chemistry Method implemented in Python as described in <u>Modern Quantum Chemistry Introduction to Advanced Electronic Structure Theory</u>, by Attila Szabo and Neil S. Ostlund. <br> <br>\n",
    "Throughout the rest of the modules in this notebook, the entire text of Modern Quantum Chemistry will simply be refered to as \"Szabo\" for the sake of brevity. \n",
    "<br> <br>\n",
    "Program is limited to molecules consisting of hydrogen and helium with only even numbers of electrons. Required user input is the atomic number, 3D space location, and electron number for each atom. A basis set specification is also required. <br>\n",
    "<br>\n",
    "The program makes use of Hartree Atomic Units such that the distances and lengths are described in Bohr Radius, energy is in Hartrees and mass is in Hartree Atomic Units, such that the mass of a proton is equal to 1836 atomic units. More information on Hartree Atomic Units can be found on page 41 of Szabo. "
   ]
  },
  {
   "cell_type": "code",
   "execution_count": 1,
   "metadata": {},
   "outputs": [
    {
     "name": "stdout",
     "output_type": "stream",
     "text": [
      "Molecule\n",
      "Basis Set: DEF2-SVP\n",
      "Total Number of Electrons: 2\n",
      "Atoms: \n",
      "     Atomic Number: 1, Electrons: 1, Coordinate: X: 1 Y: 1 Z: 1\n",
      "     Atomic Number: 1, Electrons: 1, Coordinate: X: 1 Y: 1 Z: 2.4\n"
     ]
    }
   ],
   "source": [
    "#Python Implementation of the Hartree Fock Method\n",
    "#Procedures listed in the code follow as described in Modern Quantum Chemistry: \n",
    "#Introduction to Advanced Electronic Structure Theory, By Attila Szabo and Neil S. Ostlund\n",
    "import math\n",
    "import sys\n",
    "import numpy as np\n",
    "from molecule import atom\n",
    "from molecule import vector\n",
    "from molecule import gaussian\n",
    "from molecule import molecule\n",
    "from notebookImporter import importNotebook\n",
    "\n",
    "#import integrals notebook for the hartree method\n",
    "integrals = importNotebook(\"Hartree_Integrals\")\n",
    "scf = importNotebook(\"Hartree_SCF\")\n",
    "\n",
    "#define SCF convergence critera, and max number of iteration cycles\n",
    "SCF_CONVERGENCE = pow(10, -100)\n",
    "MAX_ITERATIONS = 100\n",
    "\n",
    "#Step 1\n",
    "#Specify Molecules, Nuclear Coordinates, and Charge of the nucli Number of Electrons,\n",
    "\n",
    "#generate an h2 atom with a distance of 1.4 AU to compare with Szabo pg. 160\n",
    "\n",
    "#R is in units of Bohr Radius \n",
    "R = 1.4\n",
    "system = molecule()\n",
    "system.addAtom(atom(vector(1,1,1), 1, 1))\n",
    "system.addAtom(atom(vector(1,1,1 + R), 1, 1))\n",
    "\n",
    "#add a basis set\n",
    "system.addBasis(\"STO-3G\")\n",
    "\n",
    "system.display()"
   ]
  },
  {
   "cell_type": "code",
   "execution_count": 2,
   "metadata": {
    "scrolled": true
   },
   "outputs": [
    {
     "name": "stdout",
     "output_type": "stream",
     "text": [
      "Overlap Matrix: \n",
      "[[0.34548743 0.40251286 0.19696325 0.33225414]\n",
      " [0.40251286 1.         0.33225414 0.88735458]\n",
      " [0.19696325 0.33225414 0.34548743 0.40251286]\n",
      " [0.33225414 0.88735458 0.40251286 1.        ]]\n",
      "\n",
      "Electron Kinetic Energy Matrix: \n",
      "[[0.33485537 0.11822737 0.09340748 0.08500323]\n",
      " [0.11822737 0.18292443 0.08500323 0.14938628]\n",
      " [0.09340748 0.08500323 0.33485537 0.11822737]\n",
      " [0.08500323 0.14938628 0.11822737 0.18292443]]\n",
      "\n",
      "Nucli 0-Electron Attraction Matrix: \n",
      "[[-0.47597637 -0.38180154 -0.20152784 -0.30951973]\n",
      " [-0.38180154 -0.5572631  -0.2314581  -0.47547765]\n",
      " [-0.20152784 -0.2314581  -0.23651915 -0.25269883]\n",
      " [-0.30951973 -0.47547765 -0.25269883 -0.47987484]]\n",
      "Nucli 1-Electron Attraction Matrix: \n",
      "[[-0.23651915 -0.25269883 -0.20152784 -0.2314581 ]\n",
      " [-0.25269883 -0.47987484 -0.30951973 -0.47547765]\n",
      " [-0.20152784 -0.30951973 -0.47597637 -0.38180154]\n",
      " [-0.2314581  -0.47547765 -0.38180154 -0.5572631 ]]\n",
      "\n",
      "Electron Repulsion Tensor: \n",
      "[[[[0.10708419 0.10246776 0.05313654 0.08357882]\n",
      "   [0.10246776 0.17525454 0.07031022 0.15050796]\n",
      "   [0.05313654 0.07031022 0.07405114 0.07891112]\n",
      "   [0.08357882 0.15050796 0.07891112 0.1545552 ]]\n",
      "\n",
      "  [[0.10246776 0.10362009 0.0531264  0.08474782]\n",
      "   [0.10362009 0.19040262 0.0744631  0.16420342]\n",
      "   [0.0531264  0.0744631  0.07891112 0.08482407]\n",
      "   [0.08474782 0.16420342 0.08482407 0.17054376]]\n",
      "\n",
      "  [[0.05313654 0.0531264  0.03190507 0.04542351]\n",
      "   [0.0531264  0.09568738 0.04542351 0.08763449]\n",
      "   [0.03190507 0.04542351 0.05313654 0.0531264 ]\n",
      "   [0.04542351 0.08763449 0.0531264  0.09568738]]\n",
      "\n",
      "  [[0.08357882 0.08474782 0.04542351 0.07032537]\n",
      "   [0.08474782 0.15637263 0.06464976 0.13782655]\n",
      "   [0.04542351 0.06464976 0.07031022 0.0744631 ]\n",
      "   [0.07032537 0.13782655 0.0744631  0.14598753]]]\n",
      "\n",
      "\n",
      " [[[0.10246776 0.10362009 0.0531264  0.08474782]\n",
      "   [0.10362009 0.19040262 0.0744631  0.16420342]\n",
      "   [0.0531264  0.0744631  0.07891112 0.08482407]\n",
      "   [0.08474782 0.16420342 0.08482407 0.17054376]]\n",
      "\n",
      "  [[0.17525454 0.19040262 0.09568738 0.15637263]\n",
      "   [0.19040262 0.39404451 0.14598753 0.34281567]\n",
      "   [0.09568738 0.14598753 0.1545552  0.17054376]\n",
      "   [0.15637263 0.34281567 0.17054376 0.36477834]]\n",
      "\n",
      "  [[0.07031022 0.0744631  0.04542351 0.06464976]\n",
      "   [0.0744631  0.14598753 0.07032537 0.13782655]\n",
      "   [0.04542351 0.07032537 0.08357882 0.08474782]\n",
      "   [0.06464976 0.13782655 0.08474782 0.15637263]]\n",
      "\n",
      "  [[0.15050796 0.16420342 0.08763449 0.13782655]\n",
      "   [0.16420342 0.34281567 0.13782655 0.31026992]\n",
      "   [0.08763449 0.13782655 0.15050796 0.16420342]\n",
      "   [0.13782655 0.31026992 0.16420342 0.34281567]]]\n",
      "\n",
      "\n",
      " [[[0.05313654 0.0531264  0.03190507 0.04542351]\n",
      "   [0.0531264  0.09568738 0.04542351 0.08763449]\n",
      "   [0.03190507 0.04542351 0.05313654 0.0531264 ]\n",
      "   [0.04542351 0.08763449 0.0531264  0.09568738]]\n",
      "\n",
      "  [[0.07031022 0.0744631  0.04542351 0.06464976]\n",
      "   [0.0744631  0.14598753 0.07032537 0.13782655]\n",
      "   [0.04542351 0.07032537 0.08357882 0.08474782]\n",
      "   [0.06464976 0.13782655 0.08474782 0.15637263]]\n",
      "\n",
      "  [[0.07405114 0.07891112 0.05313654 0.07031022]\n",
      "   [0.07891112 0.1545552  0.08357882 0.15050796]\n",
      "   [0.05313654 0.08357882 0.10708419 0.10246776]\n",
      "   [0.07031022 0.15050796 0.10246776 0.17525454]]\n",
      "\n",
      "  [[0.07891112 0.08482407 0.0531264  0.0744631 ]\n",
      "   [0.08482407 0.17054376 0.08474782 0.16420342]\n",
      "   [0.0531264  0.08474782 0.10246776 0.10362009]\n",
      "   [0.0744631  0.16420342 0.10362009 0.19040262]]]\n",
      "\n",
      "\n",
      " [[[0.08357882 0.08474782 0.04542351 0.07032537]\n",
      "   [0.08474782 0.15637263 0.06464976 0.13782655]\n",
      "   [0.04542351 0.06464976 0.07031022 0.0744631 ]\n",
      "   [0.07032537 0.13782655 0.0744631  0.14598753]]\n",
      "\n",
      "  [[0.15050796 0.16420342 0.08763449 0.13782655]\n",
      "   [0.16420342 0.34281567 0.13782655 0.31026992]\n",
      "   [0.08763449 0.13782655 0.15050796 0.16420342]\n",
      "   [0.13782655 0.31026992 0.16420342 0.34281567]]\n",
      "\n",
      "  [[0.07891112 0.08482407 0.0531264  0.0744631 ]\n",
      "   [0.08482407 0.17054376 0.08474782 0.16420342]\n",
      "   [0.0531264  0.08474782 0.10246776 0.10362009]\n",
      "   [0.0744631  0.16420342 0.10362009 0.19040262]]\n",
      "\n",
      "  [[0.1545552  0.17054376 0.09568738 0.14598753]\n",
      "   [0.17054376 0.36477834 0.15637263 0.34281567]\n",
      "   [0.09568738 0.15637263 0.17525454 0.19040262]\n",
      "   [0.14598753 0.34281567 0.19040262 0.39404451]]]]\n",
      "\n",
      "Electronic Hamiltonian :\n",
      "[[-0.37764014 -0.51627301 -0.30964821 -0.45597461]\n",
      " [-0.51627301 -0.8542135  -0.45597461 -0.80156903]\n",
      " [-0.30964821 -0.45597461 -0.37764014 -0.51627301]\n",
      " [-0.45597461 -0.80156903 -0.51627301 -0.8542135 ]]\n",
      "\n"
     ]
    }
   ],
   "source": [
    "#Step 2\n",
    "#Calculate Integrals\n",
    "#Overlap, KE, Nuclear Attraaction, and Electron Repulsion\n",
    "S = integrals.overlap(system)\n",
    "print(\"Overlap Matrix: \")\n",
    "print(np.matrix(S))\n",
    "print()\n",
    "\n",
    "T = integrals.kineticEnergy(system)\n",
    "print(\"Electron Kinetic Energy Matrix: \")\n",
    "print(np.matrix(T))\n",
    "print()\n",
    "\n",
    "V = integrals.nuclearAttraction(system)\n",
    "for index, atom in enumerate(V):\n",
    "    print(\"Nucli \" + str(index) + \"-Electron Attraction Matrix: \")\n",
    "    print(np.matrix(atom))\n",
    "print()\n",
    "\n",
    "electronRepulsion = integrals.electronElectronRepulsion(system)\n",
    "print(\"Electron Repulsion Tensor: \")\n",
    "print(np.array(electronRepulsion))\n",
    "print()\n",
    "\n",
    "#Form the electronic hamiltonian\n",
    "H = np.matrix(T)\n",
    "\n",
    "#add in all of the nuclear attractions matricies to the hamiltonian\n",
    "for atom in V:\n",
    "    H += np.matrix(atom)\n",
    "        \n",
    "print(\"Electronic Hamiltonian :\")\n",
    "print(H)\n",
    "print()"
   ]
  },
  {
   "cell_type": "code",
   "execution_count": 3,
   "metadata": {},
   "outputs": [],
   "source": [
    "#Prepare for the SCF procedure\n",
    "\n",
    "#get size of the basis set \n",
    "size = len(S)\n",
    "\n",
    "#compute the Transformation Matrix\n",
    "X = scf.X(S, size)\n",
    "\n",
    "#get guess Fock matrix, assume 2-electron term is equal to 0\n",
    "F = H"
   ]
  },
  {
   "cell_type": "code",
   "execution_count": 4,
   "metadata": {
    "scrolled": true
   },
   "outputs": [
    {
     "name": "stdout",
     "output_type": "stream",
     "text": [
      "SCF Iteration #1, Electronic Energy: -1.7948638000435568 Hartrees, Total Energy: -1.0805780857578426 Hartrees\n",
      "SCF Iteration #2, Electronic Energy: -1.8369087613561248 Hartrees, Total Energy: -1.1226230470704106 Hartrees\n",
      "SCF Iteration #3, Electronic Energy: -1.8387812998174158 Hartrees, Total Energy: -1.1244955855317014 Hartrees\n",
      "SCF Iteration #4, Electronic Energy: -1.838851947052888 Hartrees, Total Energy: -1.1245662327671737 Hartrees\n",
      "SCF Iteration #5, Electronic Energy: -1.8388545218993553 Hartrees, Total Energy: -1.1245688076136409 Hartrees\n",
      "SCF Iteration #6, Electronic Energy: -1.8388546151168201 Hartrees, Total Energy: -1.1245689008311057 Hartrees\n",
      "SCF Iteration #7, Electronic Energy: -1.8388546184872696 Hartrees, Total Energy: -1.1245689042015554 Hartrees\n",
      "SCF Iteration #8, Electronic Energy: -1.8388546186091046 Hartrees, Total Energy: -1.1245689043233904 Hartrees\n",
      "SCF Iteration #9, Electronic Energy: -1.8388546186135082 Hartrees, Total Energy: -1.124568904327794 Hartrees\n",
      "SCF Iteration #10, Electronic Energy: -1.8388546186136676 Hartrees, Total Energy: -1.1245689043279534 Hartrees\n",
      "SCF Iteration #11, Electronic Energy: -1.8388546186136734 Hartrees, Total Energy: -1.1245689043279592 Hartrees\n",
      "SCF Iteration #12, Electronic Energy: -1.8388546186136738 Hartrees, Total Energy: -1.1245689043279596 Hartrees\n",
      "SCF Iteration #13, Electronic Energy: -1.8388546186136734 Hartrees, Total Energy: -1.1245689043279592 Hartrees\n",
      "SCF Iteration #14, Electronic Energy: -1.8388546186136743 Hartrees, Total Energy: -1.12456890432796 Hartrees\n",
      "SCF Iteration #15, Electronic Energy: -1.8388546186136743 Hartrees, Total Energy: -1.12456890432796 Hartrees\n",
      "--------------------------------------------------\n",
      "\n",
      "Final SCF Energy: -1.8388546186136743\n",
      "\n",
      "[-0.59323887  0.19686007  0.47824736  1.03593055]\n",
      "[[-0.37764014 -0.51627301 -0.30964821 -0.45597461]\n",
      " [-0.51627301 -0.8542135  -0.45597461 -0.80156903]\n",
      " [-0.30964821 -0.45597461 -0.37764014 -0.51627301]\n",
      " [-0.45597461 -0.80156903 -0.51627301 -0.8542135 ]]\n"
     ]
    }
   ],
   "source": [
    "# SCF Procedure \n",
    "\n",
    "#init list to store the energy from each iteration\n",
    "#as well as a boolean to signify whether the loop has converged\n",
    "E = []\n",
    "converged = False\n",
    "\n",
    "while( not converged ):\n",
    "  \n",
    "    #diagnolze the Fock matrix and convert it to MO basis \n",
    "    F = X.transpose() * F * X \n",
    "    \n",
    "    #diagnolize the Fock Matrix to obtain the MOs and the their respective energies\n",
    "    MOEnergy, MO = np.linalg.eigh(F)\n",
    "    \n",
    "    #Transform the MO basis MOs to an AO basis\n",
    "    C = X * MO\n",
    "    \n",
    "    #compute the electron density, the two electron term, and then use G to compute the new Fock matrix\n",
    "    P = scf.densityMatrix(C, system.N, size)\n",
    "    G = scf.G(electronRepulsion, P, size)\n",
    "    F = H + G\n",
    "    \n",
    "    #compute the new expectation energy\n",
    "    #Expectation Energy is in units of Hartrees\n",
    "    E.append(scf.expectationEnergy(H, F, P))\n",
    "    \n",
    "    #check if at least two SCF iterations have occured\n",
    "    #if more than two have occured, then check if the difference betweeen this E, \n",
    "    #and the previous E is less then the covergence value, if yes, end the SCF loop\n",
    "    #if energy has not converged, check whether the max number of iterations have occured so far\n",
    "    sizeE = len(E)\n",
    "    if(len(E) > 2):\n",
    "        if(abs(E[sizeE-2] - E[sizeE-1]) < SCF_CONVERGENCE):\n",
    "            converged = True\n",
    "        elif(sizeE > MAX_ITERATIONS):\n",
    "            print(\"SCF Failed to Converge\")\n",
    "            break\n",
    "    \n",
    "    #compute total energy of the system including nuclear-nuclear repulsion\n",
    "    totalE = E[sizeE-1] + scf.nuclearRepulsion(system)\n",
    "    \n",
    "    #display information about current SCF iteration to the user\n",
    "    print(\"SCF Iteration #\" + str(sizeE) + \", Electronic Energy: \" + str(E[sizeE-1]) + \" Hartrees, Total Energy: \" + str(totalE) + \" Hartrees\")\n",
    "    \n",
    "print(\"-\"*50)\n",
    "print()\n",
    "print(\"Final SCF Energy: \" + str(E[sizeE-1]))\n",
    "print()\n",
    "print(MOEnergy)\n",
    "print(H)"
   ]
  }
 ],
 "metadata": {
  "celltoolbar": "Raw Cell Format",
  "kernelspec": {
   "display_name": "Python 3",
   "language": "python",
   "name": "python3"
  },
  "language_info": {
   "codemirror_mode": {
    "name": "ipython",
    "version": 3
   },
   "file_extension": ".py",
   "mimetype": "text/x-python",
   "name": "python",
   "nbconvert_exporter": "python",
   "pygments_lexer": "ipython3",
   "version": "3.7.3"
  }
 },
 "nbformat": 4,
 "nbformat_minor": 2
}
