{
 "cells": [
  {
   "cell_type": "markdown",
   "metadata": {},
   "source": [
    "## Potential Energy Surface Python Code\n",
    "<br>\n",
    "This script allows the user to enter in a diatomic molecule to compute the Potential Energy Surface through of the Hartree-Fock method. \n",
    "<br> <br>\n",
    "The program is limited to only using Hydrogen and Helium atoms due to the Hartree-Fock base code only supporting s-orbitals. \n",
    "<br><br>\n",
    "The potential energy surface graph uses Hartrees as units for the energy, and bohr units for representing the diatomic bond distance. "
   ]
  },
  {
   "cell_type": "code",
   "execution_count": 1,
   "metadata": {
    "scrolled": false
   },
   "outputs": [
    {
     "name": "stdout",
     "output_type": "stream",
     "text": [
      "\n",
      "Hartree-Fock Computation: 49.0%\n",
      "Hartree-Fock Computation: 52.0%\n",
      "Hartree-Fock Computation: 55.0%\n",
      "Hartree-Fock Computation: 58.0%\n",
      "Hartree-Fock Computation: 61.0%\n",
      "Hartree-Fock Computation: 63.0%\n",
      "Hartree-Fock Computation: 66.0%\n",
      "Hartree-Fock Computation: 69.0%\n",
      "Hartree-Fock Computation: 72.0%\n",
      "Hartree-Fock Computation: 75.0%\n",
      "Hartree-Fock Computation: 77.0%\n",
      "Hartree-Fock Computation: 80.0%\n",
      "Hartree-Fock Computation: 83.0%\n",
      "Hartree-Fock Computation: 86.0%\n",
      "Hartree-Fock Computation: 88.0%\n",
      "Hartree-Fock Computation: 91.0%\n",
      "Hartree-Fock Computation: 94.0%\n",
      "Hartree-Fock Computation: 97.0%\n",
      "Hartree-Fock Computation Complete\n"
     ]
    }
   ],
   "source": [
    "from molecule import atom\n",
    "from molecule import vector\n",
    "from molecule import gaussian\n",
    "from molecule import molecule\n",
    "from morsePotential import morsePotential\n",
    "from notebookImporter import importNotebook\n",
    "from IPython.display import clear_output\n",
    "\n",
    "HartreeFock = importNotebook(\"Hartree_Class\")\n",
    "\n",
    "#set up the automated calculations used to generate the surface potential\n",
    "\n",
    "#User Specified Variables\n",
    "\n",
    "#Enter the atomic number for atoms 1 and 2\n",
    "atom1 = 1\n",
    "atom2 = 1\n",
    "\n",
    "#Enter the number of electrons for atom 1 and 2\n",
    "#Note the total number of electrons must be a multiple of 2, \n",
    "#otherwise, the computation will round the total number of electrons \n",
    "#down to the nearest multiple of 2\n",
    "atomN1 = 1\n",
    "atomN2 = 1\n",
    "\n",
    "#Select a basis, for a list of available basis sets, please see the \"basisSets\" folder\n",
    "basisName = \"DEF2-SVP\"\n",
    "\n",
    "#Enter Starting and End Bond distance for the diatomic molecule\n",
    "#Units for Bond Distance in This Program are Bohr Units\n",
    "startR = .9\n",
    "endR = 1.8\n",
    "\n",
    "#Please enter the distance the bond distance should increase each iteration\n",
    "#The smaller the number, the more accurate and time-consuming the computation will be\n",
    "step = 0.05\n",
    "\n",
    "#Please enter how small the difference in energy between two ground state energy calculations\n",
    "#must be in order to convergence to occur\n",
    "convergenceCritera = pow(10, -10)\n",
    "\n",
    "#Please enter the maximum number of iterations the SCF procedure can take before\n",
    "#the computation will fail as being unable to converge\n",
    "maxIterations = 100\n",
    "\n",
    "#System Defined Variables\n",
    "E = []\n",
    "R = []\n",
    "basisSets = []\n",
    "Xs = []\n",
    "MOEnergy = []\n",
    "delta = (endR - startR) / step\n",
    "currentR = startR\n",
    "\n",
    "print()\n",
    "\n",
    "while(not(currentR >= endR)):\n",
    "    \n",
    "    #define the molecular system\n",
    "    system = molecule()\n",
    "    system.addAtom(atom(vector(1,1,2+currentR), atom1, atomN1))\n",
    "    system.addAtom(atom(vector(1,1,2), atom2, atomN2))\n",
    "\n",
    "    system.addBasis(basisName)\n",
    "    \n",
    "    #Set up the Hartree Procedure\n",
    "    HF = HartreeFock.HF(system, convergenceCritera, maxIterations)\n",
    "\n",
    "    #Store Bond distance, associated Energy, and MO Energies\n",
    "    # Concert Length to NM\n",
    "    R.append(currentR) #* pow(10, -10))\n",
    "    #Convert hartrees to cm-1\n",
    "    E.append(HF.SCF())#* 2.19 * pow(10, 5))\n",
    "    MOEnergy.append(HF.MOEnergy)\n",
    "    basisSets.append( system.getBasis() )\n",
    "    Xs.append( HF.X )\n",
    " \n",
    "    #clear_output()\n",
    "    print(\"Hartree-Fock Computation: \" + str(currentR * 100 // endR) + \"%\")\n",
    "    \n",
    "    #update the current intenuclear distance\n",
    "    currentR += step\n",
    "    \n",
    "print(\"Hartree-Fock Computation Complete\")\n",
    "#E.append(0)\n",
    "#R.append(10)"
   ]
  },
  {
   "cell_type": "code",
   "execution_count": 2,
   "metadata": {
    "scrolled": true
   },
   "outputs": [
    {
     "data": {
      "text/html": [
       "        <script type=\"text/javascript\">\n",
       "        window.PlotlyConfig = {MathJaxConfig: 'local'};\n",
       "        if (window.MathJax) {MathJax.Hub.Config({SVG: {font: \"STIX-Web\"}});}\n",
       "        if (typeof require !== 'undefined') {\n",
       "        require.undef(\"plotly\");\n",
       "        requirejs.config({\n",
       "            paths: {\n",
       "                'plotly': ['https://cdn.plot.ly/plotly-latest.min']\n",
       "            }\n",
       "        });\n",
       "        require(['plotly'], function(Plotly) {\n",
       "            window._Plotly = Plotly;\n",
       "        });\n",
       "        }\n",
       "        </script>\n",
       "        "
      ]
     },
     "metadata": {},
     "output_type": "display_data"
    },
    {
     "name": "stdout",
     "output_type": "stream",
     "text": [
      "[ 1.40833159  1.24307988  0.13274818 -0.99185457]\n",
      "[[ 6.82132145e-07 -5.73053775e-06  1.10195478e-06  1.09323383e-06]\n",
      " [-5.73053775e-06  2.39316568e-04 -6.40927753e-05 -6.32242748e-05]\n",
      " [ 1.10195478e-06 -6.40927753e-05  1.75663726e-05  1.73145659e-05]\n",
      " [ 1.09323383e-06 -6.32242748e-05  1.73145659e-05  1.70704972e-05]]\n"
     ]
    }
   ],
   "source": [
    "#Setup system for graphing purposes\n",
    "import math\n",
    "import scipy.integrate as integrate\n",
    "import scipy.optimize as optimize\n",
    "import numpy as np\n",
    "from plotly.offline import iplot, init_notebook_mode\n",
    "init_notebook_mode(connected=True)\n",
    "\n",
    "#prepare morse potential for graphing\n",
    "#morse = morsePotential(R, E)\n",
    "\n",
    "#create a curve fitted morsePotential of the data\n",
    "#uses the least squares method to fit the potential via SciPy\n",
    "#def morsePotential(r, r0, A, D, a1, a2, a3):\n",
    "def morsePotential(r, r0, a, D, c):\n",
    "    #return A + D*pow( (1-np.exp(-(a*(r-r0)))), 2) \n",
    "    return D * np.exp(-2*a*(r-r0)) - 2*D*np.exp(-a*(r-r0)) + c \n",
    "    #return a0 * (a1 * (r - r0) + a2 * pow((r - r0), 2) + a3 * pow(r-r0, 3)) + a4\n",
    "    #return (a1 * np.exp(-2 * a2 * ( r - r0)) - (2 * a1 * np.exp(-a2 * ( r - r0)))) + c\n",
    "    #return (a1 * np.exp(-a2 * r) * (1 - (a3*r))) - (a4 / (pow(r,6) + (a5*pow(r,-6)))) \n",
    "    #return A - (D*( 1 + a1*(r-r0) + a2*pow((r-r0),2) + a3*pow(r-r0, 3) ) * np.exp(-a1*(r-r0)))\n",
    "    \n",
    "popt, pcov = optimize.curve_fit(morsePotential, R, E)\n",
    "\n",
    "print(popt)\n",
    "print(pcov)\n",
    "\n",
    "#Prepare data for graphing\n",
    "minEIndex = E.index(min(E))\n",
    "minE = E.pop(minEIndex)\n",
    "optimalR = R.copy().pop(minEIndex)\n",
    "#basisSet = basisSets[ minEIndex ]\n",
    "#X = Xs[minEIndex]"
   ]
  },
  {
   "cell_type": "markdown",
   "metadata": {},
   "source": [
    "#morseData = morse.computePotential()\n",
    "#w = (morse.a / (2 * math.pi)) * pow((2 *  morse.D / u), 0.5)\n",
    "#print(w)\n",
    "\n",
    "#k = 4 * math.pi * math.sqrt(2 * morse.D) / morse.a\n",
    "#print(\"K: \" + str(k))\n",
    "\n",
    "ve = []\n",
    "#for n in range(18):\n",
    "#    #ve.append( w * ((n + .5) - pow((n+.5),2)) )\n",
    "#    ve.append( -morse.D + (w * (n + .5)) - ( (pow(w,2) /  (4*morse.D)) * pow((n + .5), 2) )  )\n",
    "#print(ve)\n",
    "\n",
    "\n",
    "#print optimized bond distance\n",
    "print(\"Optimal Bond Distance: \" + str(R[minEIndex]))\n",
    "\n",
    "\n",
    "size = 5\n",
    "basisSet = []\n",
    "u = 0.5\n",
    "r0 = popt[1]\n",
    "def newPlaneWave(k):\n",
    "    \n",
    "    def planeWave(x):\n",
    "       # print(\"||\"*20)\n",
    "       # print(x)\n",
    "        return math.cos(k* math.pi * (x-r0)) + math.sin(k * math.pi * (x))*1j \n",
    "    \n",
    "    return planeWave\n",
    "\n",
    "    \n",
    "class basisFunction:\n",
    "    \n",
    "    k = 0\n",
    "    f = 0\n",
    "    normalization = 0\n",
    "    \n",
    "    def __init__(self, f, k, allSpace=1):\n",
    "        \n",
    "        self.k = k\n",
    "        self.f = f \n",
    "        self.normalization = math.sqrt(1 / allSpace)\n",
    "    \n",
    "    def compute(self, x):\n",
    "        #print(self.normalization)\n",
    "        return self.normalization * self.f(x)\n",
    "    \n",
    "    def compute2ndPD(self, x):\n",
    "        return -self.f(x) * self.normalization\n",
    "    \n",
    "\n",
    "for n in range(size):\n",
    "    basisSet.append( basisFunction(newPlaneWave((2*n + 1) ), (2*n + 1), 1) )\n",
    "    \n",
    "V = np.zeros([size, size], dtype = complex)\n",
    "T = np.zeros([size, size], dtype = complex)\n",
    "S = np.zeros([size, size], dtype = complex)\n",
    "\n",
    "for index1, b1 in enumerate(basisSet):\n",
    "    for index2, b2 in enumerate(basisSet):\n",
    "        \n",
    "        #base = lambda x : b1.compute(x).conjugate() * b2.compute(x)\n",
    "        #real = lambda x : base(x).real\n",
    "        #imag = lambda x : base(x).imag \n",
    "        \n",
    "        SIntegrandR = lambda x : (b1.compute(x).conjugate() * b2.compute(x)).real\n",
    "        SIntegrandI = lambda x :(b1.compute(x).conjugate() * b2.compute(x)).imag\n",
    "        \n",
    "        S[index1, index2] += integrate.quad(SIntegrandR, -50, 50, limit=1000)[0] + integrate.quad(SIntegrandI, -50, 50, limit=1000)[0]*1j\n",
    "        \n",
    "        VIntegrandR = lambda x : (b1.compute(x).conjugate() * morsePotential(x, popt[0], popt[1], popt[2], popt[3], popt[4]) * b2.compute(x)).real\n",
    "        VIntegrandI = lambda x : (b1.compute(x).conjugate() * morsePotential(x, popt[0], popt[1], popt[2], popt[3], popt[4]) * b2.compute(x)).imag\n",
    "        \n",
    "        V[index1, index2] = integrate.quad(VIntegrandR, -50, 50, limit = 1000)[0] + integrate.quad(VIntegrandI, -50, 50, limit = 1000)[0]*1j\n",
    "        \n",
    "for index1, b1 in enumerate(basisSet):\n",
    "    for index2, b2 in enumerate(basisSet):\n",
    "        \n",
    "        TIntegrandR = lambda x : (b1.compute(x).conjugate() * (1/(2 * u)) * b2.compute2ndPD(x)).real\n",
    "        TIntegrandI = lambda x : (b1.compute(x).conjugate() * (1/(2 * u)) * b2.compute2ndPD(x)).imag\n",
    "        \n",
    "        T[index1, index2] = integrate.quad(TIntegrandR, -50, 50, limit=1000)[0] + integrate.quad(TIntegrandI, -50, 50, limit=1000)[0] * 1j\n",
    "\n",
    "print()\n",
    "print(\"S\"*20)\n",
    "print(S)\n",
    "print()\n",
    "print()\n",
    "print(V)\n",
    "print(\"------\")\n",
    "print(T)\n",
    "\n",
    "H = T + V\n",
    "\n",
    "print(\"*\"*20)\n",
    "print(H)\n",
    "\n",
    "\n",
    "print(\"&\"*5)\n",
    "print(H)\n",
    "EPW = np.linalg.eigh(H)[0]\n",
    "\n",
    "print(\"|*)\"*20)\n",
    "\n",
    "for e in EPW:\n",
    "    print(e)\n",
    "    "
   ]
  },
  {
   "cell_type": "markdown",
   "metadata": {},
   "source": [
    "size = 10\n",
    "L = 1.41\n",
    "\n",
    "m = 0.5\n",
    "basis = []\n",
    "\n",
    "def zeroError(x, tolerance=\"\"):\n",
    "    \n",
    "    if(tolerance == \"\"):\n",
    "        tolerance = pow(10, -14)\n",
    "    \n",
    "    if(abs(x) < tolerance):\n",
    "        return 0\n",
    "    else:\n",
    "        return x\n",
    "             \n",
    "class basisFunction:\n",
    "    \n",
    "    n = 1\n",
    "    L = 1\n",
    "    normalization = 1\n",
    "    \n",
    "    def __init__(self, n, L):\n",
    "        \n",
    "        self.n = n\n",
    "        self.L = L\n",
    "        self.normalization = math.sqrt(2/L)\n",
    "\n",
    "    def compute(self, x):\n",
    "        return self.normalization * math.sin(self.n*math.pi*x / self.L)\n",
    "    \n",
    "    def compute2ndPD(self, x):\n",
    "        return self.compute(x)\n",
    "\n",
    "for n in range(size):\n",
    "    basis.append( basisFunction(n+1, L) )\n",
    "    \n",
    "S = np.zeros([size, size])\n",
    "V = np.zeros([size, size])\n",
    "T = np.zeros([size, size])\n",
    "\n",
    "for index1, b1 in enumerate(basis):\n",
    "    for index2, b2 in enumerate(basis):\n",
    "        \n",
    "        SIntegrand = lambda x : b1.compute(x) * b2.compute(x)\n",
    "\n",
    "        S[index1, index2] += zeroError(integrate.quad(SIntegrand, 0, L)[0])\n",
    "\n",
    "        VIntegrand = lambda x : b1.compute(x) * morsePotential(x, popt[0], popt[1], popt[2], popt[3], popt[4]) * b2.compute(x)\n",
    "        V[index1, index2] += zeroError(integrate.quad(VIntegrand, 0, L)[0])\n",
    "        \n",
    "        TIntegrand = lambda x : b1.compute(x) * (1/(2*m)) * b2.compute2ndPD(x)\n",
    "        T[index1, index2] += zeroError(integrate.quad(TIntegrand, 0, L)[0]) \n",
    "        \n",
    "print(S)\n",
    "print(\"V\"*40)\n",
    "print(V)\n",
    "print(\"T\"*50)\n",
    "print(T)\n",
    "\n",
    "H = V + T\n",
    "print(\"H\"*70)\n",
    "print(H)\n",
    "\n",
    "PIB = np.linalg.eigh(H)[0]"
   ]
  },
  {
   "cell_type": "code",
   "execution_count": 17,
   "metadata": {
    "scrolled": false
   },
   "outputs": [
    {
     "name": "stderr",
     "output_type": "stream",
     "text": [
      "A:\\Apps\\Anaconda\\lib\\site-packages\\ipykernel_launcher.py:55: IntegrationWarning:\n",
      "\n",
      "The occurrence of roundoff error is detected, which prevents \n",
      "  the requested tolerance from being achieved.  The error may be \n",
      "  underestimated.\n",
      "\n",
      "A:\\Apps\\Anaconda\\lib\\site-packages\\ipykernel_launcher.py:55: IntegrationWarning:\n",
      "\n",
      "The integral is probably divergent, or slowly convergent.\n",
      "\n"
     ]
    },
    {
     "name": "stdout",
     "output_type": "stream",
     "text": [
      "Overlap Error: i=0, j=0\n",
      "0.9999999999999999\n",
      "Overlap Error: i=2, j=2\n",
      "0.9999999999999993\n",
      "Overlap Error: i=3, j=3\n",
      "0.9999999999999991\n",
      "Overlap Error: i=4, j=4\n",
      "0.9999999999999988\n",
      "Overlap Error: i=5, j=5\n",
      "0.9999999999999988\n",
      "Overlap Error: i=6, j=6\n",
      "0.9999999999999982\n",
      "Overlap Error: i=7, j=7\n",
      "0.9999999999999986\n",
      "Overlap Error: i=8, j=8\n",
      "0.9999999999999988\n",
      "Overlap Error: i=9, j=9\n",
      "0.9999999999999988\n",
      "\n",
      "Overlap Matrix: \n",
      "\n",
      "[[ 1.00000000e+00 -7.97972799e-17  9.25696653e-17  2.18575158e-16\n",
      "  -1.04273732e-16  1.80411242e-16  3.81639165e-17 -9.36750677e-17\n",
      "  -1.21430643e-16 -9.02056208e-17]\n",
      " [-7.97972799e-17  1.00000000e+00  6.93889390e-18 -1.73472348e-17\n",
      "  -2.77555756e-17  1.38777878e-17 -5.55111512e-17  2.15105711e-16\n",
      "   7.28583860e-17 -3.75350792e-16]\n",
      " [ 9.25696653e-17  6.93889390e-18  1.00000000e+00 -6.24500451e-17\n",
      "   8.67361738e-19  3.46944695e-17 -1.04083409e-17  5.03069808e-17\n",
      "  -1.04083409e-17  9.71445147e-17]\n",
      " [ 2.18575158e-16 -1.73472348e-17 -6.24500451e-17  1.00000000e+00\n",
      "  -3.67761377e-16 -7.11236625e-17  1.11022302e-16 -1.64798730e-16\n",
      "   4.16333634e-17  2.84494650e-16]\n",
      " [-1.04273732e-16 -2.77555756e-17  8.67361738e-19 -3.67761377e-16\n",
      "   1.00000000e+00 -3.03576608e-16  3.41740525e-16 -3.93782229e-16\n",
      "   4.16333634e-17 -8.32667268e-17]\n",
      " [ 1.80411242e-16  1.38777878e-17  3.46944695e-17 -7.11236625e-17\n",
      "  -3.03576608e-16  1.00000000e+00 -9.02056208e-17  2.91433544e-16\n",
      "  -2.18575158e-16  4.85722573e-17]\n",
      " [ 3.81639165e-17 -5.55111512e-17 -1.04083409e-17  1.11022302e-16\n",
      "   3.41740525e-16 -9.02056208e-17  1.00000000e+00 -1.17961196e-16\n",
      "  -6.41847686e-16  4.57966998e-16]\n",
      " [-9.36750677e-17  2.15105711e-16  5.03069808e-17 -1.64798730e-16\n",
      "  -3.93782229e-16  2.91433544e-16 -1.17961196e-16  1.00000000e+00\n",
      "   1.49186219e-16 -6.73072709e-16]\n",
      " [-1.21430643e-16  7.28583860e-17 -1.04083409e-17  4.16333634e-17\n",
      "   4.16333634e-17 -2.18575158e-16 -6.41847686e-16  1.49186219e-16\n",
      "   1.00000000e+00 -4.78783679e-16]\n",
      " [-9.02056208e-17 -3.75350792e-16  9.71445147e-17  2.84494650e-16\n",
      "  -8.32667268e-17  4.85722573e-17  4.57966998e-16 -6.73072709e-16\n",
      "  -4.78783679e-16  1.00000000e+00]]\n",
      "\n",
      "****************************************\n",
      "\n",
      "V\n",
      "\n",
      "[[-1.12351902e+00 -5.23819510e-04  1.53245324e-03 -2.29710588e-04\n",
      "   2.34295506e-05 -1.96778069e-06  1.45635785e-07 -9.81666465e-09\n",
      "   6.14082982e-10 -3.60763364e-11]\n",
      " [-5.23819510e-04 -1.12135181e+00 -1.13866306e-03  2.70114597e-03\n",
      "  -4.63821268e-04  5.27468012e-05 -4.84603107e-06  3.87052958e-07\n",
      "  -2.78739497e-08  1.84859451e-09]\n",
      " [ 1.53245324e-03 -1.13866306e-03 -1.11912720e+00 -1.88808416e-03\n",
      "   3.88683008e-03 -7.40367958e-04  9.19812693e-05 -9.11490044e-06\n",
      "   7.77593155e-07 -5.93599559e-08]\n",
      " [-2.29710588e-04  2.70114597e-03 -1.88808416e-03 -1.11684455e+00\n",
      "  -2.75727424e-03  5.10488964e-03 -1.05700488e-03  1.41457487e-04\n",
      "  -1.49646256e-05  1.35289433e-06]\n",
      " [ 2.34295506e-05 -4.63821268e-04  3.88683008e-03 -2.75727424e-03\n",
      "  -1.11450320e+00 -3.73611016e-03  6.35965995e-03 -1.41155546e-03\n",
      "   2.01407022e-04 -2.25675559e-05]\n",
      " [-1.96778069e-06  5.27468012e-05 -7.40367958e-04  5.10488964e-03\n",
      "  -3.73611016e-03 -1.11210250e+00 -4.81746467e-03  7.65308968e-03\n",
      "  -1.80238491e-03  2.72044585e-04]\n",
      " [ 1.45635785e-07 -4.84603107e-06  9.19812693e-05 -1.05700488e-03\n",
      "   6.35965995e-03 -4.81746467e-03 -1.10964177e+00 -5.99610344e-03\n",
      "   8.98635337e-03 -2.22828414e-03]\n",
      " [-9.81666465e-09  3.87052958e-07 -9.11490044e-06  1.41457487e-04\n",
      "  -1.41155546e-03  7.65308968e-03 -5.99610344e-03 -1.10712033e+00\n",
      "  -7.26805675e-03  1.03603131e-02]\n",
      " [ 6.14082955e-10 -2.78739497e-08  7.77593155e-07 -1.49646256e-05\n",
      "   2.01407022e-04 -1.80238491e-03  8.98635337e-03 -7.26805675e-03\n",
      "  -1.10453753e+00 -8.63024328e-03]\n",
      " [-3.60763572e-11  1.84859452e-09 -5.93599559e-08  1.35289433e-06\n",
      "  -2.25675559e-05  2.72044585e-04 -2.22828414e-03  1.03603131e-02\n",
      "  -8.63024328e-03 -1.10189266e+00]]\n",
      "\n",
      "****************************************\n",
      "\n",
      "T\n",
      "\n",
      "[[ 2.00000000e+00  1.07552856e-15 -9.22617871e-10 -1.55431223e-15\n",
      "  -1.33514546e-08 -3.33066907e-16 -1.22198443e-07  4.29086562e-16\n",
      "  -8.18595520e-07 -3.60822483e-16]\n",
      " [ 1.12410081e-15  2.00000000e+00 -1.20430975e-15  2.51048896e-08\n",
      "  -4.99600361e-16  2.69469072e-07  2.39364735e-16  1.99203108e-06\n",
      "  -4.44089210e-16  1.12229446e-05]\n",
      " [-9.22617899e-10 -1.39373342e-15  1.99999997e+00 -4.99600361e-16\n",
      "  -4.00005242e-07  3.60822483e-16 -3.34642213e-06 -2.91433544e-16\n",
      "  -2.04022329e-05  7.07767178e-16]\n",
      " [-1.48492330e-15  2.51048897e-08 -4.44089210e-16  2.00000045e+00\n",
      "   1.11022302e-16  4.43617159e-06 -2.77555756e-16  2.98314492e-05\n",
      "   3.88578059e-16  1.52107018e-04]\n",
      " [-1.33514545e-08 -5.55111512e-16 -4.00005242e-07  2.08166817e-16\n",
      "   1.99999515e+00 -4.26741975e-16 -3.69282061e-05 -4.99600361e-16\n",
      "  -2.03641339e-04 -6.31439345e-16]\n",
      " [-3.60822483e-16  2.69469072e-07  3.33066907e-16  4.43617159e-06\n",
      "  -4.54497551e-16  2.00003957e+00  3.05311332e-16  2.40576199e-04\n",
      "  -7.18924773e-16  1.10200149e-03]\n",
      " [-1.22198443e-07  2.36030813e-16 -3.34642213e-06 -3.05311332e-16\n",
      "  -3.69282061e-05  6.93889390e-17  1.99974600e+00 -1.50920942e-15\n",
      "  -1.25777547e-03  1.19348975e-15]\n",
      " [ 4.43194743e-16  1.99203108e-06 -2.22044605e-16  2.98314492e-05\n",
      "   3.44454418e-16  2.40576199e-04 -3.60822483e-16  2.00131335e+00\n",
      "   2.91433544e-16  5.35687680e-03]\n",
      " [-8.18595520e-07 -3.88578059e-16 -2.04022329e-05  7.77156117e-16\n",
      "  -2.03641339e-04 -6.63674878e-16 -1.25777547e-03 -5.25968158e-15\n",
      "   1.99445499e+00  6.21898366e-15]\n",
      " [-3.74700271e-16  1.12229446e-05  5.34294831e-16  1.52107018e-04\n",
      "  -3.45556916e-15  1.10200149e-03  6.05071548e-15  5.35687680e-03\n",
      "   1.58740208e-14  2.01924439e+00]]\n",
      "\n",
      "****************************************\n",
      "\n",
      "[[ 8.76480978e-01 -5.23819510e-04  1.53245231e-03 -2.29710588e-04\n",
      "   2.34161991e-05 -1.96778069e-06  2.34373418e-08 -9.81666422e-09\n",
      "  -8.17981437e-07 -3.60766972e-11]\n",
      " [-5.23819510e-04  8.78648195e-01 -1.13866306e-03  2.70117107e-03\n",
      "  -4.63821268e-04  5.30162703e-05 -4.84603107e-06  2.37908404e-06\n",
      "  -2.78739501e-08  1.12247932e-05]\n",
      " [ 1.53245231e-03 -1.13866306e-03  8.80872771e-01 -1.88808416e-03\n",
      "   3.88643008e-03 -7.40367958e-04  8.86348472e-05 -9.11490044e-06\n",
      "  -1.96246398e-05 -5.93599552e-08]\n",
      " [-2.29710588e-04  2.70117107e-03 -1.88808416e-03  8.83155901e-01\n",
      "  -2.75727424e-03  5.10932581e-03 -1.05700488e-03  1.71288936e-04\n",
      "  -1.49646256e-05  1.53459912e-04]\n",
      " [ 2.34161991e-05 -4.63821268e-04  3.88643008e-03 -2.75727424e-03\n",
      "   8.85491942e-01 -3.73611016e-03  6.32273174e-03 -1.41155546e-03\n",
      "  -2.23431687e-06 -2.25675559e-05]\n",
      " [-1.96778069e-06  5.30162703e-05 -7.40367958e-04  5.10932581e-03\n",
      "  -3.73611016e-03  8.87937069e-01 -4.81746467e-03  7.89366588e-03\n",
      "  -1.80238491e-03  1.37404608e-03]\n",
      " [ 2.34373418e-08 -4.84603107e-06  8.86348472e-05 -1.05700488e-03\n",
      "   6.32273174e-03 -4.81746467e-03  8.90104239e-01 -5.99610344e-03\n",
      "   7.72857790e-03 -2.22828414e-03]\n",
      " [-9.81666420e-09  2.37908404e-06 -9.11490044e-06  1.71288936e-04\n",
      "  -1.41155546e-03  7.89366588e-03 -5.99610344e-03  8.94193019e-01\n",
      "  -7.26805675e-03  1.57171899e-02]\n",
      " [-8.17981437e-07 -2.78739501e-08 -1.96246398e-05 -1.49646256e-05\n",
      "  -2.23431688e-06 -1.80238491e-03  7.72857790e-03 -7.26805675e-03\n",
      "   8.89917460e-01 -8.63024328e-03]\n",
      " [-3.60767319e-11  1.12247932e-05 -5.93599554e-08  1.53459912e-04\n",
      "  -2.25675559e-05  1.37404608e-03 -2.22828414e-03  1.57171899e-02\n",
      "  -8.63024328e-03  9.17351729e-01]]\n",
      "\n",
      "[0.93069226 0.90239048 0.89047554 0.88737563 0.88353116 0.88126932\n",
      " 0.87562331 0.87745131 0.87903403 0.87631026]\n",
      "10\n"
     ]
    }
   ],
   "source": [
    "from scipy.misc import derivative as ddx\n",
    "\n",
    "u = .5\n",
    "w = 0.020052\n",
    "re = 1.4\n",
    "unitConverter = 1 / 100\n",
    "mc = 0\n",
    "\n",
    "#d, r0, a\n",
    "\n",
    "#Returns a lambda function of the nth hermite polynomial\n",
    "def hermite(n, k):\n",
    "    \n",
    "    c = pow(-1, k) * math.factorial(n) / ( math.factorial(k) * math.factorial(n - 2*k) )\n",
    "        \n",
    "    if(k == 0):\n",
    "        return lambda r : c * pow(2*math.sqrt(u*w)*( (r-re) / unitConverter ), n-(2*k))\n",
    "    else:\n",
    "        return lambda r : c * pow(2*math.sqrt(u*w)*( (r-re) / unitConverter ), n-(2*k)) + hermite(n, k-1)(r)\n",
    "\n",
    "def buildHermite(n):\n",
    "    \n",
    "    return hermite(n, n // 2)\n",
    "\n",
    "#returns the normalization constant for the Harmonic Oscillator Function\n",
    "def C(n):\n",
    "    \n",
    "    return math.sqrt( math.sqrt(u*w) /  (pow(2, n) * math.factorial(n) * np.sqrt(math.pi * pow(unitConverter,2)) ) ) \n",
    "\n",
    "#Creates a new Harmonic Oscillator function\n",
    "#and returns it as a lambda function\n",
    "def newHO(n):\n",
    "    \n",
    "    return lambda r : C(n) * buildHermite(n)(r) * math.exp(-u * w * pow((r-re) / unitConverter,2) / 2)  \n",
    "\n",
    "basisSize = 15\n",
    "basisSet = []\n",
    "S = np.zeros([basisSize, basisSize])\n",
    "V = np.zeros([basisSize, basisSize])\n",
    "T = np.zeros([basisSize, basisSize])\n",
    "\n",
    "Tints = []\n",
    "Vints = []\n",
    "\n",
    "#Build the basis Fucntions\n",
    "for i in range(basisSize):\n",
    "    basisSet.append( newHO(i) )\n",
    "    \n",
    "#Verify orthonormality of the basis set\n",
    "for i in range(basisSize):\n",
    "    for j in range(basisSize):\n",
    "        \n",
    "        integrand = lambda r : basisSet[i](r) * basisSet[j](r)\n",
    "        \n",
    "        S[i,j] += integrate.quad(integrand, 0, np.inf, limit=10000, epsabs=pow(10, -50), epsrel=pow(10, -30))[0]\n",
    "        \n",
    "        if( (i == j and abs(S[i, j] - 1) >= .1 or not 1==j and abs(S[i,j]) >= pow(10, -14) )):\n",
    "            print(\"Overlap Error: i=\" + str(i) + \", j=\" + str(j))\n",
    "            print(S[i,j])\n",
    "            \n",
    "        integrand = lambda r : basisSet[i](r) * morsePotential(r, popt[0], popt[1], popt[2], popt[3] + mc) * basisSet[j](r)\n",
    "        \n",
    "        V[i, j] += integrate.quad( integrand, 0, np.inf)[0]#, limit=10000, epsabs=pow(10, -50), epsrel=pow(10, -30))[0]\n",
    " \n",
    "        integrand2 = lambda r : basisSet[i](r) * (-1/(2*.5)) * ddx(basisSet[j], r, n=2)\n",
    "\n",
    "        T[i, j] += integrate.quad(integrand2, 0, np.inf)[0]\n",
    "    \n",
    "        Tints.append(integrand2)\n",
    "        Vints.append(integrand)\n",
    "        \n",
    "print()\n",
    "print(\"Overlap Matrix: \")\n",
    "print()\n",
    "print(S)\n",
    "print()\n",
    "print(\"*\" * 40)\n",
    "print()\n",
    "\n",
    "print(\"V\")\n",
    "print()\n",
    "print(V)\n",
    "print()\n",
    "print(\"*\"*40)\n",
    "print()\n",
    "\n",
    "print(\"T\")\n",
    "print()\n",
    "print(T)\n",
    "print()\n",
    "print(\"*\" * 40)\n",
    "print()\n",
    "\n",
    "H = T + V\n",
    "print(H)\n",
    "print()\n",
    "EHO = np.linalg.eig(H)[0]\n",
    "print(EHO)\n",
    "\n",
    "print(len(basisSet))\n"
   ]
  },
  {
   "cell_type": "code",
   "execution_count": 4,
   "metadata": {},
   "outputs": [],
   "source": [
    "#EHO = HF.vibrationalEnergy(lambda x : morsePotential(x, popt[0], popt[1], popt[2], popt[3], popt[4]), 0.5)\n",
    "#print(EHO)"
   ]
  },
  {
   "cell_type": "code",
   "execution_count": 18,
   "metadata": {},
   "outputs": [
    {
     "data": {
      "application/vnd.plotly.v1+json": {
       "config": {
        "linkText": "Export to plot.ly",
        "plotlyServerURL": "https://plot.ly",
        "showLink": false
       },
       "data": [
        {
         "connectgaps": false,
         "marker": {
          "color": "blue"
         },
         "mode": "markers",
         "name": "Hartree-Fock Computed",
         "type": "scatter",
         "x": [
          0.9,
          0.9500000000000001,
          1,
          1.05,
          1.1,
          1.1500000000000001,
          1.2000000000000002,
          1.2500000000000002,
          1.3000000000000003,
          1.3500000000000003,
          1.4000000000000004,
          1.4500000000000004,
          1.5000000000000004,
          1.5500000000000005,
          1.6000000000000005,
          1.6500000000000006,
          1.7000000000000006,
          1.7500000000000007
         ],
         "y": [
          -1.0212065064673799,
          -1.0465336095866378,
          -1.0668470688525558,
          -1.0830003309819607,
          -1.095685092880128,
          -1.1054663002049177,
          -1.1128084561601423,
          -1.1180957133075866,
          -1.121647451099728,
          -1.1237305112416514,
          -1.1243515634509982,
          -1.1232385643643277,
          -1.12136612835723,
          -1.118850653379347,
          -1.1157919683903548,
          -1.1122759676516347,
          -1.1083767516368148
         ]
        },
        {
         "marker": {
          "color": "red"
         },
         "name": "Optimal Bond Distance",
         "type": "scatter",
         "x": [
          1.4000000000000004
         ],
         "y": [
          -1.1245689043277949
         ]
        },
        {
         "connectgaps": false,
         "marker": {
          "color": "green"
         },
         "name": "Morse Potential Approximation",
         "type": "scatter",
         "x": [
          0,
          0.1,
          0.2,
          0.30000000000000004,
          0.4,
          0.5,
          0.6000000000000001,
          0.7000000000000001,
          0.8,
          0.9,
          1,
          1.1,
          1.2000000000000002,
          1.3,
          1.4000000000000001,
          1.5,
          1.6,
          1.7000000000000002,
          1.8,
          1.9000000000000001,
          2,
          2.1,
          2.2,
          2.3000000000000003,
          2.4000000000000004,
          2.5,
          2.6,
          2.7,
          2.8000000000000003,
          2.9000000000000004,
          3,
          3.1,
          3.2,
          3.3000000000000003,
          3.4000000000000004,
          3.5,
          3.6,
          3.7,
          3.8000000000000003,
          3.9000000000000004,
          4,
          4.1000000000000005,
          4.2,
          4.3,
          4.4,
          4.5,
          4.6000000000000005,
          4.7,
          4.800000000000001,
          4.9,
          5,
          5.1000000000000005,
          5.2,
          5.300000000000001,
          5.4,
          5.5,
          5.6000000000000005,
          5.7,
          5.800000000000001,
          5.9,
          6,
          6.1000000000000005,
          6.2,
          6.300000000000001,
          6.4,
          6.5,
          6.6000000000000005,
          6.7,
          6.800000000000001,
          6.9,
          7,
          7.1000000000000005,
          7.2,
          7.300000000000001,
          7.4,
          7.5,
          7.6000000000000005,
          7.7,
          7.800000000000001,
          7.9,
          8,
          8.1,
          8.200000000000001,
          8.3,
          8.4,
          8.5,
          8.6,
          8.700000000000001,
          8.8,
          8.9,
          9,
          9.1,
          9.200000000000001,
          9.3,
          9.4,
          9.5,
          9.600000000000001,
          9.700000000000001,
          9.8,
          9.9,
          10,
          10.100000000000001,
          10.200000000000001,
          10.3,
          10.4,
          10.5,
          10.600000000000001,
          10.700000000000001,
          10.8,
          10.9,
          11,
          11.100000000000001,
          11.200000000000001,
          11.3,
          11.4,
          11.5,
          11.600000000000001,
          11.700000000000001,
          11.8,
          11.9,
          12,
          12.100000000000001,
          12.200000000000001,
          12.3,
          12.4,
          12.5,
          12.600000000000001,
          12.700000000000001,
          12.8,
          12.9,
          13,
          13.100000000000001,
          13.200000000000001,
          13.3,
          13.4,
          13.5,
          13.600000000000001,
          13.700000000000001,
          13.8,
          13.9,
          14,
          14.100000000000001,
          14.200000000000001,
          14.3,
          14.4,
          14.5,
          14.600000000000001,
          14.700000000000001,
          14.8,
          14.9
         ],
         "y": [
          1.881196293007298,
          1.0909580935345566,
          0.49311558292716573,
          0.04316208250093456,
          -0.29336018064267144,
          -0.5431015096423466,
          -0.7266493434569937,
          -0.8598857972143749,
          -0.9550436938976851,
          -1.0215277696166432,
          -1.0665530198721305,
          -1.0956406827147671,
          -1.1130034120931298,
          -1.1218442238798896,
          -1.1245883636296976,
          -1.1230630103083452,
          -1.1186364298925622,
          -1.1123256209074723,
          -1.1048794900467178,
          -1.096843034789793,
          -1.088606793761141,
          -1.0804448783473395,
          -1.0725441614579194,
          -1.065026625017548,
          -1.0579664207467043,
          -1.0514028509107753,
          -1.045350205080026,
          -1.0398051784653874,
          -1.0347524337663674,
          -1.030168741314645,
          -1.0260260335374254,
          -1.0222936331012131,
          -1.018939854623766,
          -1.0159331337387805,
          -1.013242801588823,
          -1.0108395951904594,
          -1.0086959727580325,
          -1.0067862865856276,
          -1.0050868533785384,
          -1.003575952146741,
          -1.0022337722632544,
          -1.0010423285366556,
          -0.99998535575088,
          -0.9990481917773109,
          -0.9982176558239733,
          -0.9974819264682602,
          -0.9968304226788369,
          -0.9962536899575982,
          -0.9957432929375041,
          -0.9952917151901928,
          -0.9948922665770813,
          -0.99453899817969,
          -0.9942266246387871,
          -0.99395045359436,
          -0.9937063218315897,
          -0.9934905376883524,
          -0.9932998292570241,
          -0.9931312979097104,
          -0.9929823766856258,
          -0.9928507930978292,
          -0.9927345359406455,
          -0.9926318257064871,
          -0.9925410882497183,
          -0.9924609313644553,
          -0.9923901239719066,
          -0.9923275776404664,
          -0.9922723301879123,
          -0.9922235311395055,
          -0.9921804288384538,
          -0.9921423590260364,
          -0.99210873472775,
          -0.9920790372991676,
          -0.992052808500905,
          -0.9920296434862669,
          -0.9920091845979,
          -0.9919911158812403,
          -0.9919751582327994,
          -0.9919610651105104,
          -0.9919486187415516,
          -0.9919376267703633,
          -0.9919279192960828,
          -0.9919193462544056,
          -0.9919117751040252,
          -0.9919050887823698,
          -0.9918991838994093,
          -0.9918939691418976,
          -0.9918893638636072,
          -0.991885296839931,
          -0.9918817051677346,
          -0.9918785332935491,
          -0.9918757321551619,
          -0.9918732584233914,
          -0.9918710738323718,
          -0.9918691445880276,
          -0.9918674408456174,
          -0.9918659362482932,
          -0.9918646075195515,
          -0.9918634341032897,
          -0.9918623978459093,
          -0.9918614827155581,
          -0.9918606745541727,
          -0.9918599608584943,
          -0.9918593305866698,
          -0.9918587739874537,
          -0.9918582824493674,
          -0.9918578483674866,
          -0.9918574650257965,
          -0.9918571264932949,
          -0.9918568275322392,
          -0.9918565635171155,
          -0.991856330363079,
          -0.9918561244627575,
          -0.9918559426304423,
          -0.9918557820528008,
          -0.9918556402453502,
          -0.9918555150140199,
          -0.9918554044212047,
          -0.9918553067557873,
          -0.9918552205066642,
          -0.9918551443393666,
          -0.9918550770754129,
          -0.9918550176740758,
          -0.9918549652162798,
          -0.9918549188903818,
          -0.9918548779796126,
          -0.9918548418509875,
          -0.9918548099455122,
          -0.9918547817695347,
          -0.9918547568871063,
          -0.9918547349132375,
          -0.9918547155079408,
          -0.9918546983709704,
          -0.9918546832371771,
          -0.9918546698724053,
          -0.9918546580698704,
          -0.9918546476469591,
          -0.9918546384424044,
          -0.99185463031379,
          -0.9918546231353469,
          -0.9918546167960075,
          -0.9918546111976874,
          -0.9918546062537669,
          -0.9918546018877521,
          -0.9918545980320902,
          -0.9918545946271251,
          -0.9918545916201736,
          -0.9918545889647115,
          -0.9918545866196519,
          -0.9918545845487116,
          -0.9918545827198479
         ]
        },
        {
         "connectgaps": false,
         "marker": {
          "color": "blue"
         },
         "name": "Harmonic Oscillator",
         "type": "scatter",
         "x": [
          1.2430798823621134,
          1.2430798823621134,
          1.2430798823621134,
          1.2430798823621134,
          1.2430798823621134,
          1.2430798823621134,
          1.2430798823621134,
          1.2430798823621134,
          1.2430798823621134,
          1.2430798823621134
         ],
         "y": [
          0.9306922580964652,
          0.9023904768865991,
          0.8904755378468792,
          0.8873756321936629,
          0.8835311627097403,
          0.8812693227554644,
          0.8756233121500843,
          0.8774513060429552,
          0.879034034529702,
          0.8763102587947484
         ]
        },
        {
         "name": "HO 0",
         "type": "scatter",
         "x": [
          -0.02,
          0,
          0.02,
          0.04,
          0.06,
          0.08,
          0.1,
          0.12,
          0.14,
          0.16,
          0.18,
          0.2,
          0.22,
          0.24,
          0.26,
          0.28,
          0.3,
          0.32,
          0.34,
          0.36,
          0.38,
          0.4,
          0.42,
          0.44,
          0.46,
          0.48,
          0.5,
          0.52,
          0.54,
          0.56,
          0.58,
          0.6,
          0.62,
          0.64,
          0.66,
          0.68,
          0.7000000000000001,
          0.72,
          0.74,
          0.76,
          0.78,
          0.8,
          0.8200000000000001,
          0.84,
          0.86,
          0.88,
          0.9,
          0.92,
          0.9400000000000001,
          0.96,
          0.98,
          1,
          1.02,
          1.04,
          1.06,
          1.08,
          1.1,
          1.12,
          1.1400000000000001,
          1.16,
          1.18,
          1.2,
          1.22,
          1.24,
          1.26,
          1.28,
          1.3,
          1.32,
          1.34,
          1.36,
          1.3800000000000001,
          1.4000000000000001,
          1.42,
          1.44,
          1.46,
          1.48,
          1.5,
          1.52,
          1.54,
          1.56,
          1.58,
          1.6,
          1.62,
          1.6400000000000001,
          1.6600000000000001,
          1.68,
          1.7,
          1.72,
          1.74,
          1.76,
          1.78,
          1.8,
          1.82,
          1.84,
          1.86,
